feature value,n_samples,precision,recall,fbeta
 Private,4527,0.8438287153652393,0.6594488188976378,0.7403314917127072
 ?,353,0.8695652173913043,0.6060606060606061,0.7142857142857143
 Self-emp-not-inc,506,0.8469387755102041,0.6240601503759399,0.7186147186147187
 Local-gov,431,0.822429906542056,0.7272727272727273,0.7719298245614035
 State-gov,291,0.8666666666666667,0.8227848101265823,0.8441558441558442
 Federal-gov,184,0.8461538461538461,0.8208955223880597,0.8333333333333334
 Self-emp-inc,216,0.8760330578512396,0.8833333333333333,0.8796680497925311
 Without-pay,4,0.0,0.0,0.0
 Never-worked,1,0.0,0.0,0.0
feature value,n_samples,precision,recall,fbeta
 Some-college,1537,0.8516746411483254,0.6312056737588653,0.725050916496945
 Bachelors,1057,0.8021505376344086,0.8535469107551488,0.8270509977827051
 HS-grad,2056,0.9154929577464789,0.3857566765578635,0.5427974947807934
 10th,187,1.0,0.3333333333333333,0.5
 Masters,336,0.835,0.9027027027027027,0.8675324675324674
 Prof-school,118,0.875,0.9166666666666666,0.8953488372093024
 11th,246,1.0,0.3333333333333333,0.5
 Assoc-voc,255,0.9130434782608695,0.6176470588235294,0.7368421052631579
 9th,96,1.0,0.1111111111111111,0.19999999999999998
 Assoc-acdm,207,0.9555555555555556,0.7543859649122807,0.8431372549019609
 12th,88,1.0,0.4,0.5714285714285715
 7th-8th,124,0.0,0.0,0.0
 5th-6th,75,1.0,0.2857142857142857,0.4444444444444445
 1st-4th,36,1.0,0.3333333333333333,0.5
 Doctorate,87,0.8611111111111112,0.96875,0.911764705882353
 Preschool,8,0.0,0.0,0.0
feature value,n_samples,precision,recall,fbeta
 Never-married,2118,0.9743589743589743,0.4,0.5671641791044776
 Married-civ-spouse,2974,0.836424957841484,0.7430711610486891,0.7869892899642997
 Widowed,212,1.0,0.21739130434782608,0.3571428571428571
 Divorced,918,0.975,0.42391304347826086,0.5909090909090909
 Separated,215,1.0,0.6470588235294118,0.7857142857142858
 Married-spouse-absent,70,1.0,0.6666666666666666,0.8
 Married-AF-spouse,6,0.0,0.0,0.0
feature value,n_samples,precision,recall,fbeta
 Adm-clerical,763,0.8076923076923077,0.5431034482758621,0.6494845360824743
 Sales,740,0.8545454545454545,0.6778846153846154,0.7560321715817695
 Farming-fishing,182,1.0,0.47619047619047616,0.6451612903225806
 Handlers-cleaners,261,1.0,0.4117647058823529,0.5833333333333334
 ?,354,0.8695652173913043,0.6060606060606061,0.7142857142857143
 Exec-managerial,815,0.8203125,0.8377659574468085,0.8289473684210525
 Other-service,636,1.0,0.13333333333333333,0.23529411764705882
 Machine-op-inspct,413,0.9523809523809523,0.35714285714285715,0.5194805194805194
 Craft-repair,826,0.9294117647058824,0.47305389221556887,0.626984126984127
 Prof-specialty,859,0.8375634517766497,0.859375,0.8483290488431876
 Tech-support,192,0.896551724137931,0.8387096774193549,0.8666666666666666
 Transport-moving,321,0.8695652173913043,0.37037037037037035,0.5194805194805194
 Protective-serv,126,0.8387096774193549,0.5777777777777777,0.6842105263157895
 Priv-house-serv,25,0.0,0.0,0.0
feature value,n_samples,precision,recall,fbeta
 Not-in-family,1643,0.9722222222222222,0.4117647058823529,0.5785123966942148
 Husband,2610,0.842512077294686,0.7421276595744681,0.7891402714932128
 Other-relative,204,1.0,0.6,0.7499999999999999
 Own-child,1016,1.0,0.21428571428571427,0.35294117647058826
 Unmarried,726,1.0,0.4583333333333333,0.6285714285714286
 Wife,314,0.7862068965517242,0.75,0.7676767676767676
feature value,n_samples,precision,recall,fbeta
 White,5607,0.8453695836873407,0.6967787114845938,0.763915547024952
 Black,630,0.9298245614035088,0.6022727272727273,0.7310344827586207
 Asian-Pac-Islander,172,0.7619047619047619,0.7619047619047619,0.7619047619047619
 Amer-Indian-Eskimo,59,1.0,0.625,0.7692307692307693
 Other,45,1.0,0.6666666666666666,0.8
feature value,n_samples,precision,recall,fbeta
 Female,2150,0.8315217391304348,0.6095617529880478,0.7034482758620689
 Male,4363,0.8498635122838945,0.708649468892261,0.7728589160115846
feature value,n_samples,precision,recall,fbeta
 United-States,5853,0.8479931682322801,0.686247408431237,0.7585943468296409
 China,13,1.0,0.75,0.8571428571428571
 Greece,6,1.0,1.0,1.0
 ?,119,0.7391304347826086,0.7083333333333334,0.723404255319149
 England,22,1.0,0.625,0.7692307692307693
 South,12,0.5,1.0,0.6666666666666666
 Mexico,125,1.0,0.6666666666666666,0.8
 Peru,4,1.0,1.0,1.0
 Iran,11,0.8571428571428571,1.0,0.923076923076923
 Poland,19,0.6666666666666666,0.6666666666666666,0.6666666666666666
 Dominican-Republic,13,0.0,0.0,0.0
 Philippines,33,0.75,0.75,0.75
 France,8,0.5,1.0,0.6666666666666666
 El-Salvador,14,0.0,0.0,0.0
 Nicaragua,8,1.0,1.0,1.0
 Cuba,29,1.0,0.875,0.9333333333333333
 Italy,14,0.75,0.75,0.75
 Germany,24,0.8571428571428571,0.6666666666666666,0.75
 Jamaica,17,1.0,1.0,1.0
 Guatemala,10,0.0,0.0,0.0
 Honduras,2,0.0,0.0,0.0
 Japan,10,1.0,0.5,0.6666666666666666
 Puerto-Rico,24,1.0,1.0,1.0
 Ecuador,7,1.0,1.0,1.0
 Trinadad&Tobago,6,0.0,0.0,0.0
 India,24,0.8181818181818182,0.8181818181818182,0.8181818181818182
 Outlying-US(Guam-USVI-etc),6,0.0,0.0,0.0
 Portugal,7,0.0,0.0,0.0
 Haiti,8,1.0,0.5,0.6666666666666666
 Columbia,5,0.0,0.0,0.0
 Canada,18,0.8571428571428571,1.0,0.923076923076923
 Thailand,2,0.0,0.0,0.0
 Vietnam,9,0.0,0.0,0.0
 Taiwan,8,0.75,1.0,0.8571428571428571
 Laos,3,0.0,0.0,0.0
 Hungary,3,0.0,0.0,0.0
 Hong,4,1.0,1.0,1.0
 Yugoslavia,3,1.0,1.0,1.0
 Holand-Netherlands,1,0.0,0.0,0.0
 Cambodia,1,0.0,0.0,0.0
 Ireland,4,1.0,1.0,1.0
 Scotland,4,0.0,0.0,0.0
feature value,n_samples,precision,recall,fbeta
 Private,4533,0.8748466257668711,0.6829501915708812,0.7670790747713825
 ?,388,0.896551724137931,0.6046511627906976,0.7222222222222221
 Local-gov,384,0.8543689320388349,0.7857142857142857,0.8186046511627907
 Self-emp-inc,223,0.8739495798319328,0.8455284552845529,0.859504132231405
 Self-emp-not-inc,491,0.9325842696629213,0.6102941176470589,0.7377777777777779
 State-gov,288,0.8414634146341463,0.8414634146341463,0.8414634146341463
 Federal-gov,204,0.863013698630137,0.84,0.8513513513513513
 Never-worked,2,0.0,0.0,0.0
feature value,n_samples,precision,recall,fbeta
 Some-college,1395,0.9021739130434783,0.6240601503759399,0.7377777777777778
 HS-grad,2106,0.8925619834710744,0.36363636363636365,0.5167464114832536
 Masters,365,0.8697674418604651,0.8904761904761904,0.88
 Bachelors,1100,0.8467741935483871,0.8624229979466119,0.854526958290946
 11th,223,1.0,0.4,0.5714285714285715
 9th,97,1.0,0.25,0.4
 12th,85,1.0,0.3333333333333333,0.5
 Assoc-acdm,217,0.9210526315789473,0.625,0.7446808510638298
 Assoc-voc,285,0.9491525423728814,0.6588235294117647,0.7777777777777778
 7th-8th,141,0.6666666666666666,0.25,0.36363636363636365
 Prof-school,110,0.9186046511627907,0.9753086419753086,0.9461077844311376
 10th,185,1.0,0.07142857142857142,0.13333333333333333
 Doctorate,112,0.84375,1.0,0.9152542372881356
 1st-4th,19,0.0,0.0,0.0
 Preschool,9,0.0,0.0,0.0
 5th-6th,64,1.0,1.0,1.0
feature value,n_samples,precision,recall,fbeta
 Married-civ-spouse,3032,0.8665028665028665,0.7600574712643678,0.8097971680061232
 Never-married,2097,1.0,0.39,0.5611510791366906
 Separated,195,1.0,0.6363636363636364,0.7777777777777778
 Divorced,897,0.9714285714285714,0.39080459770114945,0.5573770491803278
 Widowed,208,1.0,0.23529411764705882,0.38095238095238093
 Married-spouse-absent,79,1.0,0.5,0.6666666666666666
 Married-AF-spouse,5,1.0,0.5,0.6666666666666666
feature value,n_samples,precision,recall,fbeta
 Sales,710,0.8518518518518519,0.7225130890052356,0.7818696883852692
 Adm-clerical,717,0.881578947368421,0.67,0.7613636363636364
 ?,390,0.896551724137931,0.6046511627906976,0.7222222222222221
 Prof-specialty,843,0.8663366336633663,0.8883248730964467,0.8771929824561403
 Exec-managerial,846,0.8698795180722891,0.8167420814479638,0.8424737456242707
 Handlers-cleaners,287,1.0,0.2608695652173913,0.41379310344827586
 Craft-repair,834,0.9230769230769231,0.48,0.631578947368421
 Other-service,647,1.0,0.09523809523809523,0.17391304347826084
 Tech-support,180,0.8846153846153846,0.8070175438596491,0.8440366972477065
 Machine-op-inspct,408,1.0,0.21568627450980393,0.3548387096774193
 Transport-moving,317,0.9565217391304348,0.3793103448275862,0.54320987654321
 Protective-serv,128,0.8125,0.7027027027027027,0.7536231884057971
 Farming-fishing,180,1.0,0.2727272727272727,0.42857142857142855
 Priv-house-serv,22,0.0,0.0,0.0
 Armed-Forces,4,1.0,1.0,1.0
feature value,n_samples,precision,recall,fbeta
 Husband,2682,0.8632558139534884,0.7550854353132628,0.8055555555555555
 Unmarried,704,1.0,0.4186046511627907,0.5901639344262295
 Own-child,1044,1.0,0.1111111111111111,0.19999999999999998
 Not-in-family,1588,0.9855072463768116,0.3953488372093023,0.5643153526970954
 Other-relative,182,1.0,0.6,0.7499999999999999
 Wife,313,0.8888888888888888,0.8152866242038217,0.8504983388704319
feature value,n_samples,precision,recall,fbeta
 White,5572,0.8798999165971643,0.7142857142857143,0.788490284005979
 Black,623,0.8448275862068966,0.6125,0.7101449275362319
 Asian-Pac-Islander,196,0.7755102040816326,0.8085106382978723,0.7916666666666665
 Other,59,1.0,0.5,0.6666666666666666
 Amer-Indian-Eskimo,63,1.0,0.2857142857142857,0.4444444444444445
feature value,n_samples,precision,recall,fbeta
 Male,4426,0.8700614574187884,0.715007215007215,0.7849504950495049
 Female,2087,0.9064327485380117,0.6768558951965066,0.7750000000000001
feature value,n_samples,precision,recall,fbeta
 United-States,5840,0.8816666666666667,0.7100671140939597,0.7866171003717471
 Mexico,123,1.0,0.2,0.33333333333333337
 Jamaica,14,0.5,1.0,0.6666666666666666
 South,19,0.5,0.6666666666666666,0.5714285714285715
 El-Salvador,22,1.0,1.0,1.0
 ?,122,0.7777777777777778,0.7241379310344828,0.75
 Dominican-Republic,14,0.0,0.0,0.0
 Taiwan,7,1.0,1.0,1.0
 Philippines,34,0.8571428571428571,0.6666666666666666,0.75
 Germany,23,1.0,0.7777777777777778,0.8750000000000001
 China,12,0.625,1.0,0.7692307692307693
 England,21,0.75,0.5,0.6
 Puerto-Rico,30,0.75,1.0,0.8571428571428571
 Italy,13,1.0,0.4,0.5714285714285715
 India,18,0.8888888888888888,1.0,0.9411764705882353
 Haiti,12,0.0,0.0,0.0
 Cuba,14,0.6666666666666666,0.5,0.5714285714285715
 Peru,8,0.0,0.0,0.0
 Nicaragua,6,0.0,0.0,0.0
 Vietnam,15,0.0,0.0,0.0
 Iran,6,0.6,0.75,0.6666666666666665
 Portugal,7,1.0,1.0,1.0
 Trinadad&Tobago,9,1.0,0.5,0.6666666666666666
 Canada,29,0.8333333333333334,0.625,0.7142857142857143
 Guatemala,13,0.0,0.0,0.0
 Yugoslavia,4,0.5,1.0,0.6666666666666666
 Cambodia,3,0.0,0.0,0.0
 Greece,6,1.0,0.5,0.6666666666666666
 France,7,1.0,1.0,1.0
 Columbia,16,1.0,1.0,1.0
 Poland,9,1.0,1.0,1.0
 Japan,11,1.0,0.3333333333333333,0.5
 Outlying-US(Guam-USVI-etc),1,0.0,0.0,0.0
 Hong,5,0.6666666666666666,1.0,0.8
 Thailand,3,1.0,1.0,1.0
 Ecuador,3,0.0,0.0,0.0
 Honduras,3,0.0,0.0,0.0
 Ireland,3,0.0,0.0,0.0
 Scotland,2,0.0,0.0,0.0
 Hungary,2,0.0,0.0,0.0
 Laos,3,0.0,0.0,0.0
 Holand-Netherlands,1,0.0,0.0,0.0
feature value,n_samples,precision,recall,fbeta
 Private,4565,0.8368146214099217,0.6712041884816754,0.7449157466589192
 Federal-gov,169,0.9375,0.8108108108108109,0.8695652173913043
 Self-emp-inc,229,0.8861788617886179,0.8582677165354331,0.8720000000000001
 Self-emp-not-inc,519,0.8297872340425532,0.5864661654135338,0.6872246696035241
 Local-gov,416,0.83,0.7477477477477478,0.7867298578199052
 State-gov,255,0.8656716417910447,0.8169014084507042,0.8405797101449274
 ?,356,0.8823529411764706,0.45454545454545453,0.6
 Never-worked,1,0.0,0.0,0.0
 Without-pay,3,0.0,0.0,0.0
feature value,n_samples,precision,recall,fbeta
 Some-college,1473,0.8480392156862745,0.6048951048951049,0.7061224489795919
 11th,233,1.0,0.4166666666666667,0.5882352941176471
 Bachelors,1026,0.8116279069767441,0.8491484184914841,0.8299643281807372
 Assoc-voc,282,0.8461538461538461,0.5409836065573771,0.66
 HS-grad,2090,0.9393939393939394,0.40522875816993464,0.5662100456621005
 10th,187,1.0,0.26666666666666666,0.4210526315789474
 Masters,372,0.8256880733944955,0.8910891089108911,0.8571428571428572
 12th,91,1.0,0.2,0.33333333333333337
 Doctorate,76,0.8305084745762712,0.98,0.8990825688073395
 Assoc-acdm,211,0.9,0.6923076923076923,0.7826086956521738
 9th,99,0.0,0.0,0.0
 7th-8th,152,0.0,0.0,0.0
 Prof-school,119,0.9175257731958762,0.956989247311828,0.9368421052631579
 1st-4th,33,0.0,0.0,0.0
 5th-6th,60,1.0,0.5,0.6666666666666666
 Preschool,9,0.0,0.0,0.0
feature value,n_samples,precision,recall,fbeta
 Married-civ-spouse,3009,0.8372703412073491,0.7424359968968193,0.7870065789473684
 Never-married,2137,0.9761904761904762,0.43157894736842106,0.5985401459854014
 Married-spouse-absent,73,1.0,0.75,0.8571428571428571
 Divorced,914,1.0,0.38202247191011235,0.5528455284552846
 Widowed,182,1.0,0.2,0.33333333333333337
 Separated,194,1.0,0.375,0.5454545454545454
 Married-AF-spouse,4,1.0,1.0,1.0
feature value,n_samples,precision,recall,fbeta
 Craft-repair,833,0.8585858585858586,0.4594594594594595,0.5985915492957746
 Other-service,702,0.875,0.2916666666666667,0.43750000000000006
 Exec-managerial,838,0.8372093023255814,0.8372093023255814,0.8372093023255814
 Machine-op-inspct,404,0.9411764705882353,0.3076923076923077,0.46376811594202905
 Sales,763,0.8475609756097561,0.6780487804878049,0.7533875338753389
 Adm-clerical,734,0.8529411764705882,0.6744186046511628,0.7532467532467532
 Handlers-cleaners,256,1.0,0.5,0.6666666666666666
 Prof-specialty,804,0.8403361344537815,0.8771929824561403,0.8583690987124464
 Farming-fishing,205,1.0,0.36,0.5294117647058824
 Protective-serv,129,0.896551724137931,0.5652173913043478,0.6933333333333332
 ?,357,0.8823529411764706,0.45454545454545453,0.6
 Tech-support,147,0.7872340425531915,0.7872340425531915,0.7872340425531915
 Transport-moving,305,0.9523809523809523,0.3508771929824561,0.5128205128205128
 Armed-Forces,1,1.0,1.0,1.0
 Priv-house-serv,35,0.0,0.0,0.0
feature value,n_samples,precision,recall,fbeta
 Husband,2633,0.8359375,0.7424111014744146,0.786403307303629
 Other-relative,230,1.0,0.3,0.4615384615384615
 Not-in-family,1625,0.9863013698630136,0.42857142857142855,0.5975103734439834
 Own-child,1012,1.0,0.26666666666666666,0.4210526315789474
 Unmarried,704,1.0,0.3333333333333333,0.5
 Wife,309,0.8448275862068966,0.784,0.8132780082987552
feature value,n_samples,precision,recall,fbeta
 Other,51,1.0,0.25,0.4
 White,5555,0.8494623655913979,0.7011834319526628,0.7682333873581848
 Asian-Pac-Islander,200,0.7884615384615384,0.6721311475409836,0.7256637168141593
 Amer-Indian-Eskimo,66,1.0,0.6363636363636364,0.7777777777777778
 Black,641,0.8545454545454545,0.618421052631579,0.7175572519083969
feature value,n_samples,precision,recall,fbeta
 Male,4346,0.8448117539026629,0.7060629316960859,0.7692307692307693
 Female,2167,0.8732394366197183,0.6169154228855721,0.7230320699708455
feature value,n_samples,precision,recall,fbeta
 United-States,5860,0.8496905393457118,0.6923631123919308,0.7630011909487893
 Philippines,36,0.7692307692307693,0.8333333333333334,0.8
 Mexico,146,1.0,0.4,0.5714285714285715
 Cuba,24,1.0,0.7142857142857143,0.8333333333333333
 South,17,0.75,0.75,0.75
 Poland,11,0.0,0.0,0.0
 ?,107,0.9090909090909091,0.6666666666666666,0.7692307692307692
 England,18,0.6666666666666666,0.8,0.7272727272727272
 Ireland,6,0.0,0.0,0.0
 Portugal,4,1.0,1.0,1.0
 Guatemala,20,0.0,0.0,0.0
 Japan,12,1.0,0.5,0.6666666666666666
 Peru,6,0.0,0.0,0.0
 Italy,12,0.0,0.0,0.0
 Canada,13,1.0,1.0,1.0
 Germany,20,1.0,1.0,1.0
 China,17,0.6,0.75,0.6666666666666665
 Ecuador,8,0.0,0.0,0.0
 Greece,2,0.0,0.0,0.0
 Honduras,6,0.0,0.0,0.0
 Dominican-Republic,10,0.0,0.0,0.0
 Vietnam,15,0.0,0.0,0.0
 Hong,4,0.6666666666666666,1.0,0.8
 El-Salvador,24,1.0,0.6666666666666666,0.8
 Hungary,2,0.0,0.0,0.0
 Puerto-Rico,20,0.5,1.0,0.6666666666666666
 Yugoslavia,2,1.0,1.0,1.0
 India,16,0.75,0.6666666666666666,0.7058823529411765
 Taiwan,11,1.0,1.0,1.0
 Iran,9,0.8,1.0,0.888888888888889
 Outlying-US(Guam-USVI-etc),1,0.0,0.0,0.0
 Jamaica,17,0.5,1.0,0.6666666666666666
 France,4,1.0,1.0,1.0
 Haiti,3,0.0,0.0,0.0
 Cambodia,4,0.0,0.0,0.0
 Columbia,11,0.0,0.0,0.0
 Trinadad&Tobago,6,1.0,1.0,1.0
 Thailand,2,1.0,1.0,1.0
 Holand-Netherlands,1,0.0,0.0,0.0
 Nicaragua,6,0.0,0.0,0.0
feature value,n_samples,precision,recall,fbeta
 Private,4609,0.7715674362089915,0.6446700507614214,0.7024336283185841
 Self-emp-not-inc,479,0.723404255319149,0.544,0.6210045662100457
 ?,369,0.8636363636363636,0.41304347826086957,0.5588235294117647
 State-gov,250,0.7333333333333333,0.6666666666666666,0.6984126984126984
 Local-gov,375,0.7755102040816326,0.7676767676767676,0.7715736040609136
 Federal-gov,184,0.8108108108108109,0.8,0.8053691275167786
 Self-emp-inc,242,0.7318840579710145,0.8211382113821138,0.7739463601532568
 Without-pay,3,0.0,0.0,0.0
 Never-worked,2,0.0,0.0,0.0
feature value,n_samples,precision,recall,fbeta
 10th,186,1.0,0.25,0.4
 11th,228,1.0,0.3,0.4615384615384615
 12th,102,0.6666666666666666,0.2857142857142857,0.4
 HS-grad,2085,0.7697368421052632,0.370253164556962,0.5
 Bachelors,1059,0.7831858407079646,0.8045454545454546,0.7937219730941704
 Prof-school,110,0.8625,0.9324324324324325,0.8961038961038962
 5th-6th,48,0.0,0.0,0.0
 Some-college,1472,0.6818181818181818,0.5851063829787234,0.6297709923664122
 Doctorate,86,0.8260869565217391,0.8769230769230769,0.8507462686567164
 Assoc-voc,304,0.6984126984126984,0.5945945945945946,0.6423357664233577
 Masters,335,0.7905759162303665,0.8435754189944135,0.8162162162162162
 Assoc-acdm,229,0.7346938775510204,0.7346938775510204,0.7346938775510203
 Preschool,9,0.0,0.0,0.0
 9th,107,1.0,0.5,0.6666666666666666
 7th-8th,116,0.0,0.0,0.0
 1st-4th,37,1.0,0.3333333333333333,0.5
feature value,n_samples,precision,recall,fbeta
 Married-civ-spouse,2938,0.7622673434856176,0.6968290796597061,0.7280808080808081
 Never-married,2144,0.8363636363636363,0.4423076923076923,0.5786163522012578
 Married-spouse-absent,82,0.5,0.5,0.5
 Divorced,942,0.75,0.4431818181818182,0.5571428571428572
 Widowed,192,1.0,0.4444444444444444,0.6153846153846153
 Separated,211,0.875,0.5833333333333334,0.7000000000000001
 Married-AF-spouse,4,0.5,0.5,0.5
feature value,n_samples,precision,recall,fbeta
 Craft-repair,815,0.6568627450980392,0.44666666666666666,0.5317460317460317
 Sales,808,0.7700534759358288,0.6824644549763034,0.7236180904522614
 Exec-managerial,859,0.7745803357314148,0.8156565656565656,0.7945879458794588
 Machine-op-inspct,368,0.875,0.2692307692307692,0.411764705882353
 Adm-clerical,772,0.6901408450704225,0.45794392523364486,0.550561797752809
 ?,371,0.8636363636363636,0.41304347826086957,0.5588235294117647
 Transport-moving,304,0.8620689655172413,0.36231884057971014,0.5102040816326531
 Prof-specialty,787,0.7988980716253443,0.838150289017341,0.8180535966149507
 Handlers-cleaners,274,0.7142857142857143,0.3333333333333333,0.4545454545454545
 Protective-serv,130,0.7352941176470589,0.6410256410256411,0.6849315068493151
 Other-service,642,0.8333333333333334,0.18518518518518517,0.303030303030303
 Tech-support,166,0.673469387755102,0.7333333333333333,0.702127659574468
 Farming-fishing,190,0.6666666666666666,0.25,0.36363636363636365
 Priv-house-serv,26,0.0,0.0,0.0
 Armed-Forces,1,0.0,0.0,0.0
feature value,n_samples,precision,recall,fbeta
 Husband,2569,0.7621313035204567,0.706972639011474,0.7335164835164834
 Own-child,1016,0.2,0.125,0.15384615384615385
 Other-relative,211,0.5,0.16666666666666666,0.25
 Not-in-family,1689,0.8043478260869565,0.4277456647398844,0.5584905660377358
 Unmarried,709,0.896551724137931,0.6190476190476191,0.732394366197183
 Wife,319,0.7692307692307693,0.6369426751592356,0.6968641114982578
feature value,n_samples,precision,recall,fbeta
 White,5539,0.7660283097418817,0.6642599277978339,0.711523588553751
 Black,638,0.8269230769230769,0.6056338028169014,0.6991869918699187
 Asian-Pac-Islander,218,0.7,0.7142857142857143,0.7070707070707072
 Other,50,0.0,0.0,0.0
 Amer-Indian-Eskimo,68,0.8333333333333334,0.5,0.625
feature value,n_samples,precision,recall,fbeta
 Male,4315,0.762532981530343,0.6747081712062257,0.7159372419488026
 Female,2198,0.7906976744186046,0.5811965811965812,0.6699507389162562
feature value,n_samples,precision,recall,fbeta
 United-States,5809,0.7660818713450293,0.6606628242074928,0.709477756286267
 Jamaica,15,0.5,0.5,0.5
 Honduras,5,0.0,0.0,0.0
 Dominican-Republic,13,0.0,0.0,0.0
 Outlying-US(Guam-USVI-etc),5,0.0,0.0,0.0
 Haiti,11,1.0,1.0,1.0
 Iran,10,0.75,0.75,0.75
 Philippines,42,0.7647058823529411,0.8125,0.787878787878788
 Mexico,125,0.75,0.42857142857142855,0.5454545454545454
 Columbia,6,0.0,0.0,0.0
 England,22,0.7142857142857143,0.625,0.6666666666666666
 Guatemala,16,0.0,0.0,0.0
 El-Salvador,19,1.0,1.0,1.0
 Taiwan,11,1.0,1.0,1.0
 Ireland,5,1.0,1.0,1.0
 Germany,35,1.0,0.625,0.7692307692307693
 ?,123,0.6956521739130435,0.64,0.6666666666666666
 Japan,14,0.6666666666666666,0.8,0.7272727272727272
 Greece,7,1.0,1.0,1.0
 Canada,30,1.0,0.7,0.8235294117647058
 Scotland,3,0.0,0.0,0.0
 China,15,0.8,1.0,0.888888888888889
 India,17,0.6666666666666666,0.6666666666666666,0.6666666666666666
 South,17,0.3333333333333333,0.3333333333333333,0.3333333333333333
 Peru,5,0.0,0.0,0.0
 Cambodia,6,0.0,0.0,0.0
 Laos,2,1.0,1.0,1.0
 Thailand,5,1.0,1.0,1.0
 Portugal,5,0.0,0.0,0.0
 Puerto-Rico,18,0.0,0.0,0.0
 Ecuador,4,1.0,1.0,1.0
 Cuba,20,0.0,0.0,0.0
 Trinadad&Tobago,6,0.0,0.0,0.0
 Italy,21,1.0,0.42857142857142855,0.6
 Nicaragua,5,1.0,1.0,1.0
 France,4,1.0,1.0,1.0
 Poland,10,1.0,1.0,1.0
 Vietnam,13,0.0,0.0,0.0
 Hong,7,0.0,0.0,0.0
 Hungary,3,0.5,1.0,0.6666666666666666
 Holand-Netherlands,1,0.0,0.0,0.0
 Yugoslavia,3,0.0,0.0,0.0
feature value,n_samples,precision,recall,fbeta
 Private,4505,0.7389100126742713,0.6066597294484911,0.6662857142857143
 ?,380,0.5517241379310345,0.5,0.5245901639344263
 Federal-gov,206,0.7183098591549296,0.6710526315789473,0.6938775510204082
 Local-gov,409,0.71875,0.696969696969697,0.7076923076923077
 State-gov,257,0.7391304347826086,0.6891891891891891,0.7132867132867132
 Self-emp-inc,236,0.7894736842105263,0.8267716535433071,0.8076923076923076
 Self-emp-not-inc,514,0.7070707070707071,0.5072463768115942,0.5907172995780591
 Without-pay,4,0.0,0.0,0.0
 Never-worked,2,0.0,0.0,0.0
feature value,n_samples,precision,recall,fbeta
 Bachelors,1048,0.7407407407407407,0.7529411764705882,0.7467911318553092
 11th,255,0.5,0.25,0.3333333333333333
 HS-grad,2095,0.6428571428571429,0.3772455089820359,0.4754716981132076
 Assoc-acdm,229,0.675,0.5094339622641509,0.5806451612903226
 Some-college,1494,0.6681614349775785,0.5379061371841155,0.5960000000000001
 Masters,335,0.8195876288659794,0.8457446808510638,0.8324607329842931
 Assoc-voc,273,0.6666666666666666,0.5333333333333333,0.5925925925925926
 10th,190,0.8333333333333334,0.45454545454545453,0.5882352941176471
 5th-6th,55,1.0,0.5,0.6666666666666666
 9th,95,1.0,0.16666666666666666,0.2857142857142857
 Doctorate,91,0.8611111111111112,0.8857142857142857,0.8732394366197184
 7th-8th,123,0.5,0.25,0.3333333333333333
 Prof-school,111,0.8571428571428571,0.8888888888888888,0.8727272727272727
 Preschool,15,0.0,0.0,0.0
 1st-4th,29,0.0,0.0,0.0
 12th,75,1.0,0.5,0.6666666666666666
feature value,n_samples,precision,recall,fbeta
 Married-spouse-absent,81,1.0,0.5714285714285714,0.7272727272727273
 Married-civ-spouse,3003,0.7267489711934156,0.6750764525993884,0.6999603646452636
 Never-married,2140,0.8823529411764706,0.3614457831325301,0.5128205128205128
 Divorced,885,0.7636363636363637,0.4158415841584158,0.5384615384615384
 Separated,203,0.8571428571428571,0.3333333333333333,0.48
 Widowed,196,1.0,0.16666666666666666,0.2857142857142857
 Married-AF-spouse,5,0.0,0.0,0.0
feature value,n_samples,precision,recall,fbeta
 Craft-repair,830,0.624,0.4431818181818182,0.5182724252491694
 Machine-op-inspct,402,0.5,0.36585365853658536,0.4225352112676056
 Sales,716,0.7346938775510204,0.5775401069518716,0.6467065868263473
 Exec-managerial,817,0.7736842105263158,0.7777777777777778,0.7757255936675462
 Other-service,656,0.7272727272727273,0.26666666666666666,0.3902439024390244
 ?,382,0.5517241379310345,0.5,0.5245901639344263
 Adm-clerical,759,0.5679012345679012,0.46,0.5082872928176795
 Prof-specialty,805,0.8016528925619835,0.782258064516129,0.7918367346938776
 Tech-support,201,0.7758620689655172,0.6818181818181818,0.7258064516129032
 Transport-moving,315,0.65625,0.3181818181818182,0.4285714285714286
 Protective-serv,139,0.8461538461538461,0.6470588235294118,0.7333333333333334
 Handlers-cleaners,262,0.625,0.3125,0.4166666666666667
 Farming-fishing,208,0.5333333333333333,0.32,0.4
 Priv-house-serv,20,0.0,0.0,0.0
 Armed-Forces,1,0.0,0.0,0.0
feature value,n_samples,precision,recall,fbeta
 Not-in-family,1652,0.8271604938271605,0.41875,0.5560165975103735
 Husband,2624,0.738562091503268,0.6866319444444444,0.7116509221772379
 Unmarried,706,0.8,0.3018867924528302,0.4383561643835617
 Own-child,1004,1.0,0.1,0.18181818181818182
 Other-relative,190,1.0,0.35714285714285715,0.5263157894736842
 Wife,337,0.6285714285714286,0.5827814569536424,0.6048109965635738
feature value,n_samples,precision,recall,fbeta
 Black,620,0.7659574468085106,0.5142857142857142,0.6153846153846153
 White,5568,0.7354149548069022,0.6406585540443808,0.6847742922723795
 Asian-Pac-Islander,215,0.6666666666666666,0.4745762711864407,0.5544554455445544
 Other,47,0.6666666666666666,0.5,0.5714285714285715
 Amer-Indian-Eskimo,63,0.7777777777777778,0.7,0.7368421052631577
feature value,n_samples,precision,recall,fbeta
 Male,4346,0.7445510026155188,0.6559139784946236,0.6974275214373213
 Female,2167,0.6666666666666666,0.4789915966386555,0.5574572127139364
feature value,n_samples,precision,recall,fbeta
 Dominican-Republic,15,0.0,0.0,0.0
 United-States,5832,0.729818780889621,0.6324054246966453,0.6776290630975144
 Puerto-Rico,25,1.0,0.3333333333333333,0.5
 Philippines,41,0.6363636363636364,0.5,0.56
 ?,120,0.8695652173913043,0.6666666666666666,0.7547169811320754
 South,22,0.8,0.6666666666666666,0.7272727272727272
 India,20,0.5,0.4444444444444444,0.47058823529411764
 Mexico,125,0.6666666666666666,0.5,0.5714285714285715
 El-Salvador,23,1.0,0.6666666666666666,0.8
 Italy,19,0.75,1.0,0.8571428571428571
 Hong,4,0.0,0.0,0.0
 Columbia,20,0.0,0.0,0.0
 Haiti,9,1.0,0.5,0.6666666666666666
 Poland,12,0.0,0.0,0.0
 Germany,22,1.0,0.7,0.8235294117647058
 Ecuador,4,1.0,1.0,1.0
 Vietnam,16,0.0,0.0,0.0
 Hungary,1,0.0,0.0,0.0
 Jamaica,14,0.0,0.0,0.0
 Peru,6,0.5,1.0,0.6666666666666666
 Holand-Netherlands,1,0.0,0.0,0.0
 England,18,1.0,0.6666666666666666,0.8
 Cuba,16,1.0,1.0,1.0
 Canada,16,1.0,0.5,0.6666666666666666
 Japan,18,0.75,0.75,0.75
 Guatemala,9,0.0,0.0,0.0
 Ireland,4,0.0,0.0,0.0
 Portugal,6,0.0,0.0,0.0
 Iran,10,1.0,0.5,0.6666666666666666
 Trinadad&Tobago,5,0.0,0.0,0.0
 Cambodia,5,0.5,0.5,0.5
 Taiwan,10,1.0,0.8333333333333334,0.9090909090909091
 Nicaragua,5,0.0,0.0,0.0
 Greece,8,1.0,0.6666666666666666,0.8
 Outlying-US(Guam-USVI-etc),4,0.0,0.0,0.0
 France,6,0.5,0.5,0.5
 China,10,1.0,1.0,1.0
 Yugoslavia,5,0.0,0.0,0.0
 Laos,1,0.0,0.0,0.0
 Thailand,4,0.0,0.0,0.0
 Scotland,2,1.0,1.0,1.0
feature value,n_samples,precision,recall,fbeta
 Private,4528,0.7515299877600979,0.6316872427983539,0.6864169927333705
 Self-emp-not-inc,523,0.7790697674418605,0.46853146853146854,0.5851528384279476
 Federal-gov,216,0.6973684210526315,0.6463414634146342,0.6708860759493671
 State-gov,247,0.7777777777777778,0.6901408450704225,0.7313432835820896
 Local-gov,423,0.6776859504132231,0.6507936507936508,0.6639676113360324
 Self-emp-inc,218,0.8016528925619835,0.8151260504201681,0.8083333333333333
 ?,354,0.6666666666666666,0.48,0.5581395348837209
 Never-worked,3,0.0,0.0,0.0
 Without-pay,1,0.0,0.0,0.0
feature value,n_samples,precision,recall,fbeta
 HS-grad,2135,0.6085106382978723,0.40625,0.4872231686541738
 Some-college,1499,0.6889952153110048,0.508833922261484,0.5853658536585366
 Assoc-voc,247,0.6976744186046512,0.46153846153846156,0.5555555555555556
 Bachelors,1026,0.7606635071090048,0.7570754716981132,0.7588652482269502
 Assoc-acdm,202,0.7608695652173914,0.6363636363636364,0.693069306930693
 Masters,355,0.8472906403940886,0.882051282051282,0.8643216080402011
 9th,113,1.0,0.2222222222222222,0.3636363636363636
 Doctorate,75,0.8333333333333334,0.8333333333333334,0.8333333333333334
 11th,237,1.0,0.15384615384615385,0.2666666666666667
 Prof-school,113,0.898876404494382,0.9302325581395349,0.9142857142857143
 5th-6th,66,1.0,1.0,1.0
 12th,72,1.0,0.25,0.4
 10th,163,0.6666666666666666,0.5714285714285714,0.6153846153846153
 7th-8th,159,1.0,0.4,0.5714285714285715
 1st-4th,37,0.0,0.0,0.0
 Preschool,14,0.0,0.0,0.0
feature value,n_samples,precision,recall,fbeta
 Married-civ-spouse,3010,0.7354627354627354,0.6711509715994021,0.7018366549433372
 Never-married,2082,0.875,0.44871794871794873,0.5932203389830508
 Divorced,943,0.8723404255319149,0.3761467889908257,0.5256410256410257
 Separated,206,1.0,0.5454545454545454,0.7058823529411764
 Widowed,172,1.0,0.3125,0.47619047619047616
 Married-spouse-absent,93,1.0,0.125,0.2222222222222222
 Married-AF-spouse,7,0.0,0.0,0.0
feature value,n_samples,precision,recall,fbeta
 Adm-clerical,743,0.6753246753246753,0.46846846846846846,0.5531914893617021
 Prof-specialty,803,0.7819767441860465,0.7797101449275362,0.7808417997097242
 Exec-managerial,823,0.8160621761658031,0.7797029702970297,0.7974683544303797
 Sales,699,0.7619047619047619,0.6597938144329897,0.707182320441989
 Craft-repair,845,0.6174496644295302,0.4946236559139785,0.5492537313432836
 Transport-moving,313,0.6388888888888888,0.3484848484848485,0.45098039215686275
 Machine-op-inspct,407,0.56,0.28,0.37333333333333335
 Other-service,678,0.7142857142857143,0.15625,0.25641025641025644
 Farming-fishing,199,0.6,0.2857142857142857,0.3870967741935483
 Handlers-cleaners,296,0.625,0.38461538461538464,0.4761904761904762
 ?,357,0.6666666666666666,0.48,0.5581395348837209
 Tech-support,176,0.7441860465116279,0.6274509803921569,0.6808510638297872
 Protective-serv,132,0.6774193548387096,0.525,0.5915492957746479
 Priv-house-serv,41,0.0,0.0,0.0
 Armed-Forces,1,0.0,0.0,0.0
feature value,n_samples,precision,recall,fbeta
 Husband,2649,0.7345622119815668,0.6697478991596638,0.7006593406593405
 Unmarried,712,0.8235294117647058,0.3111111111111111,0.45161290322580644
 Own-child,1043,1.0,0.23076923076923078,0.375
 Wife,323,0.7481481481481481,0.6870748299319728,0.7163120567375886
 Other-relative,170,0.5,0.2,0.28571428571428575
 Not-in-family,1616,0.8974358974358975,0.4294478527607362,0.5809128630705395
feature value,n_samples,precision,recall,fbeta
 White,5552,0.7481420313790256,0.6416430594900849,0.6908120472741136
 Asian-Pac-Islander,213,0.6818181818181818,0.5769230769230769,0.6249999999999999
 Black,623,0.7796610169491526,0.5476190476190477,0.6433566433566434
 Amer-Indian-Eskimo,65,0.5,0.1111111111111111,0.1818181818181818
 Other,60,0.75,0.5,0.6
feature value,n_samples,precision,recall,fbeta
 Male,4387,0.7428323197219809,0.642374154770849,0.6889605157131345
 Female,2126,0.7751479289940828,0.5646551724137931,0.6533665835411472
feature value,n_samples,precision,recall,fbeta
 United-States,5844,0.7485667485667485,0.6360473208072372,0.6877351392024078
 Philippines,35,0.8571428571428571,0.6,0.7058823529411764
 Trinadad&Tobago,6,0.0,0.0,0.0
 Italy,13,1.0,0.75,0.8571428571428571
 Iran,11,0.5714285714285714,1.0,0.7272727272727273
 Columbia,18,0.0,0.0,0.0
 El-Salvador,29,1.0,1.0,1.0
 Mexico,135,0.6666666666666666,0.5,0.5714285714285715
 China,12,0.5,1.0,0.6666666666666666
 ?,114,0.6428571428571429,0.6428571428571429,0.6428571428571429
 Puerto-Rico,16,0.0,0.0,0.0
 Poland,16,1.0,0.5,0.6666666666666666
 India,23,0.6666666666666666,0.5714285714285714,0.6153846153846153
 France,8,1.0,1.0,1.0
 Japan,10,1.0,0.5,0.6666666666666666
 Nicaragua,7,0.0,0.0,0.0
 England,20,0.6666666666666666,0.3333333333333333,0.4444444444444444
 South,20,0.5,0.6666666666666666,0.5714285714285715
 Jamaica,11,0.6666666666666666,0.5,0.5714285714285715
 Dominican-Republic,19,0.0,0.0,0.0
 Greece,5,1.0,0.5,0.6666666666666666
 Outlying-US(Guam-USVI-etc),2,0.0,0.0,0.0
 Taiwan,6,0.0,0.0,0.0
 Haiti,9,1.0,0.5,0.6666666666666666
 Guatemala,13,0.0,0.0,0.0
 Germany,18,1.0,0.8,0.888888888888889
 Cuba,14,1.0,0.5,0.6666666666666666
 Cambodia,5,0.5,0.5,0.5
 Vietnam,8,0.0,0.0,0.0
 Portugal,6,0.0,0.0,0.0
 Ireland,7,1.0,1.0,1.0
 Canada,25,0.8,0.4444444444444444,0.5714285714285714
 Peru,5,0.0,0.0,0.0
 Hungary,2,0.0,0.0,0.0
 Honduras,2,0.0,0.0,0.0
 Hong,5,1.0,1.0,1.0
 Yugoslavia,3,0.0,0.0,0.0
 Laos,6,0.0,0.0,0.0
 Scotland,1,1.0,1.0,1.0
 Thailand,3,1.0,1.0,1.0
 Ecuador,1,0.0,0.0,0.0
feature value,n_samples,precision,recall,fbeta
 Private,4529,0.7307249712313003,0.6231599607458292,0.6726694915254238
 Local-gov,393,0.6880733944954128,0.6696428571428571,0.6787330316742082
 State-gov,278,0.8,0.6746987951807228,0.7320261437908497
 Federal-gov,191,0.8695652173913043,0.7407407407407407,0.7999999999999999
 ?,387,0.7037037037037037,0.5,0.5846153846153846
 Self-emp-inc,225,0.7841726618705036,0.8074074074074075,0.7956204379562045
 Self-emp-not-inc,504,0.6074766355140186,0.4961832061068702,0.5462184873949579
 Without-pay,3,0.0,0.0,0.0
 Never-worked,3,0.0,0.0,0.0
feature value,n_samples,precision,recall,fbeta
 Assoc-voc,273,0.576271186440678,0.5,0.5354330708661418
 HS-grad,2090,0.592,0.43023255813953487,0.4983164983164983
 7th-8th,121,1.0,0.2,0.33333333333333337
 Bachelors,1068,0.7726269315673289,0.7658643326039387,0.7692307692307692
 10th,181,0.6666666666666666,0.13333333333333333,0.2222222222222222
 Assoc-acdm,214,0.7073170731707317,0.5471698113207547,0.6170212765957447
 Some-college,1476,0.6976744186046512,0.5319148936170213,0.6036217303822938
 Masters,342,0.8472906403940886,0.8309178743961353,0.8390243902439024
 11th,250,0.3333333333333333,0.09090909090909091,0.14285714285714288
 Prof-school,104,0.810126582278481,0.9142857142857143,0.8590604026845637
 12th,76,0.6666666666666666,0.3333333333333333,0.4444444444444444
 9th,114,0.0,0.0,0.0
 5th-6th,65,1.0,1.0,1.0
 Doctorate,94,0.8311688311688312,0.927536231884058,0.8767123287671235
 1st-4th,34,0.0,0.0,0.0
 Preschool,11,0.0,0.0,0.0
feature value,n_samples,precision,recall,fbeta
 Married-civ-spouse,3020,0.7323506594259116,0.6850507982583455,0.7079115110611175
 Divorced,904,0.6595744680851063,0.3069306930693069,0.4189189189189189
 Married-spouse-absent,85,0.0,0.0,0.0
 Separated,212,1.0,0.4375,0.6086956521739131
 Never-married,2091,0.7674418604651163,0.4177215189873418,0.5409836065573771
 Widowed,197,1.0,0.21052631578947367,0.34782608695652173
 Married-AF-spouse,4,0.0,0.0,0.0
feature value,n_samples,precision,recall,fbeta
 Craft-repair,814,0.6581196581196581,0.41397849462365593,0.5082508250825083
 Handlers-cleaners,288,0.5,0.23076923076923078,0.3157894736842105
 Machine-op-inspct,391,0.59375,0.35185185185185186,0.4418604651162791
 Exec-managerial,844,0.7670588235294118,0.8190954773869347,0.7922235722964762
 Adm-clerical,720,0.7083333333333334,0.51,0.5930232558139535
 Other-service,683,0.5454545454545454,0.16216216216216217,0.25
 Transport-moving,305,0.5172413793103449,0.26785714285714285,0.3529411764705882
 Sales,694,0.7209302325581395,0.6169154228855721,0.6648793565683646
 Prof-specialty,841,0.7881136950904393,0.7721518987341772,0.7800511508951408
 ?,390,0.7037037037037037,0.5,0.5846153846153846
 Farming-fishing,202,0.6428571428571429,0.4090909090909091,0.5000000000000001
 Tech-support,188,0.578125,0.6727272727272727,0.6218487394957982
 Protective-serv,124,0.8235294117647058,0.6363636363636364,0.717948717948718
 Priv-house-serv,27,0.0,0.0,0.0
 Armed-Forces,2,0.0,0.0,0.0
feature value,n_samples,precision,recall,fbeta
 Husband,2668,0.738556338028169,0.6815597075548334,0.7089142374313477
 Own-child,1017,1.0,0.42857142857142855,0.6
 Not-in-family,1657,0.7176470588235294,0.3674698795180723,0.4860557768924303
 Unmarried,665,0.7857142857142857,0.2894736842105263,0.423076923076923
 Wife,308,0.6891891891891891,0.7132867132867133,0.7010309278350516
 Other-relative,198,0.0,0.0,0.0
feature value,n_samples,precision,recall,fbeta
 White,5590,0.7308584686774942,0.6432947583390062,0.6842867487328023
 Asian-Pac-Islander,194,0.7391304347826086,0.6415094339622641,0.6868686868686867
 Black,609,0.813953488372093,0.5303030303030303,0.6422018348623852
 Amer-Indian-Eskimo,58,0.5714285714285714,0.6666666666666666,0.6153846153846153
 Other,62,1.0,0.2,0.33333333333333337
feature value,n_samples,precision,recall,fbeta
 Male,4411,0.7384105960264901,0.6482558139534884,0.6904024767801858
 Female,2102,0.6978021978021978,0.5695067264573991,0.6271604938271605
feature value,n_samples,precision,recall,fbeta
 United-States,5869,0.7278431372549019,0.6386785960082588,0.6803519061583578
 Canada,24,0.8571428571428571,0.6666666666666666,0.75
 Mexico,134,0.8333333333333334,0.5,0.625
 India,17,1.0,0.6666666666666666,0.8
 Hong,5,1.0,1.0,1.0
 Japan,14,0.25,0.3333333333333333,0.28571428571428575
 Vietnam,7,1.0,0.5,0.6666666666666666
 ?,108,0.7692307692307693,0.6666666666666666,0.7142857142857142
 Portugal,6,0.0,0.0,0.0
 England,22,0.8333333333333334,0.5555555555555556,0.6666666666666667
 Honduras,4,0.0,0.0,0.0
 Jamaica,19,0.0,0.0,0.0
 Germany,37,0.8571428571428571,0.42857142857142855,0.5714285714285714
 Philippines,32,0.8888888888888888,0.7272727272727273,0.7999999999999999
 Cambodia,3,0.0,0.0,0.0
 Taiwan,7,1.0,0.8333333333333334,0.9090909090909091
 Poland,8,0.5,0.5,0.5
 Italy,16,1.0,0.6666666666666666,0.8
 China,20,0.7142857142857143,1.0,0.8333333333333333
 El-Salvador,23,1.0,0.8333333333333334,0.9090909090909091
 Dominican-Republic,12,0.0,0.0,0.0
 Cuba,12,0.5,0.5,0.5
 Yugoslavia,2,0.0,0.0,0.0
 Puerto-Rico,19,1.0,0.3333333333333333,0.5
 South,12,0.6666666666666666,1.0,0.8
 Peru,7,0.0,0.0,0.0
 Laos,3,0.0,0.0,0.0
 Greece,6,1.0,0.5,0.6666666666666666
 Guatemala,14,0.0,0.0,0.0
 Hungary,2,0.0,0.0,0.0
 Iran,7,0.3333333333333333,0.3333333333333333,0.3333333333333333
 Outlying-US(Guam-USVI-etc),6,0.0,0.0,0.0
 Nicaragua,2,0.0,0.0,0.0
 Trinadad&Tobago,4,0.0,0.0,0.0
 Haiti,9,0.0,0.0,0.0
 Ireland,5,1.0,1.0,1.0
 Thailand,4,0.0,0.0,0.0
 Ecuador,4,1.0,0.5,0.6666666666666666
 Scotland,1,1.0,1.0,1.0
 France,3,1.0,1.0,1.0
 Columbia,4,0.0,0.0,0.0
feature value,n_samples,precision,recall,fbeta
 Private,4499,0.6825208085612366,0.5979166666666667,0.637423653525819
 Self-emp-inc,220,0.7560975609756098,0.8230088495575221,0.788135593220339
 ?,379,0.7142857142857143,0.40816326530612246,0.5194805194805194
 Self-emp-not-inc,530,0.7415730337078652,0.4489795918367347,0.5593220338983051
 Federal-gov,211,0.7976190476190477,0.7282608695652174,0.7613636363636362
 Local-gov,441,0.7410714285714286,0.5763888888888888,0.6484375
 State-gov,228,0.6666666666666666,0.6363636363636364,0.6511627906976744
 Without-pay,3,0.0,0.0,0.0
 Never-worked,2,0.0,0.0,0.0
feature value,n_samples,precision,recall,fbeta
 Assoc-voc,304,0.6984126984126984,0.5789473684210527,0.6330935251798561
 12th,90,1.0,0.5,0.6666666666666666
 HS-grad,2098,0.5695067264573991,0.3713450292397661,0.4495575221238938
 Bachelors,1078,0.7142857142857143,0.7511210762331838,0.73224043715847
 Some-college,1451,0.6536312849162011,0.4349442379182156,0.5223214285714286
 Assoc-acdm,211,0.65,0.5306122448979592,0.5842696629213483
 10th,176,0.6666666666666666,0.5714285714285714,0.6153846153846153
 Masters,363,0.786046511627907,0.7897196261682243,0.7878787878787878
 7th-8th,119,1.0,0.3,0.4615384615384615
 Doctorate,72,0.8620689655172413,0.8771929824561403,0.8695652173913043
 Prof-school,104,0.8333333333333334,0.9027777777777778,0.8666666666666667
 11th,244,0.0,0.0,0.0
 9th,94,1.0,0.09090909090909091,0.16666666666666669
 1st-4th,31,0.0,0.0,0.0
 5th-6th,70,0.0,0.0,0.0
 Preschool,8,0.0,0.0,0.0
feature value,n_samples,precision,recall,fbeta
 Married-civ-spouse,3023,0.6946688206785138,0.6505295007564297,0.671875
 Never-married,2147,0.8541666666666666,0.3565217391304348,0.5030674846625767
 Divorced,877,0.782608695652174,0.36,0.4931506849315068
 Separated,208,1.0,0.18181818181818182,0.3076923076923077
 Widowed,182,1.0,0.3125,0.47619047619047616
 Married-spouse-absent,73,1.0,0.2,0.33333333333333337
 Married-AF-spouse,3,0.0,0.0,0.0
feature value,n_samples,precision,recall,fbeta
 Craft-repair,813,0.5955882352941176,0.44021739130434784,0.50625
 Adm-clerical,774,0.6071428571428571,0.45132743362831856,0.5177664974619289
 Sales,729,0.6369047619047619,0.5631578947368421,0.5977653631284916
 ?,381,0.7142857142857143,0.40816326530612246,0.5194805194805194
 Prof-specialty,827,0.7784090909090909,0.7506849315068493,0.7642956764295675
 Other-service,626,0.8333333333333334,0.15151515151515152,0.25641025641025644
 Exec-managerial,836,0.7645569620253164,0.7512437810945274,0.7578419071518192
 Tech-support,185,0.6935483870967742,0.7543859649122807,0.7226890756302521
 Protective-serv,129,0.7368421052631579,0.5833333333333334,0.6511627906976745
 Transport-moving,290,0.55,0.2558139534883721,0.34920634920634924
 Farming-fishing,217,0.8181818181818182,0.375,0.5142857142857142
 Handlers-cleaners,288,1.0,0.10526315789473684,0.1904761904761905
 Machine-op-inspct,391,0.3157894736842105,0.2727272727272727,0.2926829268292683
 Priv-house-serv,25,0.0,0.0,0.0
 Armed-Forces,2,0.0,0.0,0.0
feature value,n_samples,precision,recall,fbeta
 Husband,2641,0.6942909760589319,0.66431718061674,0.6789734353894643
 Wife,342,0.6912751677852349,0.5754189944134078,0.6280487804878049
 Not-in-family,1680,0.8452380952380952,0.3622448979591837,0.5071428571428572
 Own-child,1029,0.8333333333333334,0.38461538461538464,0.5263157894736842
 Unmarried,650,0.8,0.2857142857142857,0.4210526315789473
 Other-relative,171,0.0,0.0,0.0
feature value,n_samples,precision,recall,fbeta
 White,5579,0.7045267489711934,0.6070921985815603,0.6521904761904761
 Asian-Pac-Islander,214,0.7719298245614035,0.6111111111111112,0.6821705426356589
 Black,604,0.6885245901639344,0.56,0.6176470588235294
 Other,61,0.4,0.3333333333333333,0.3636363636363636
 Amer-Indian-Eskimo,55,0.5,0.125,0.2
feature value,n_samples,precision,recall,fbeta
 Male,4357,0.7053726169844021,0.6251920122887865,0.6628664495114007
 Female,2156,0.7043010752688172,0.48698884758364314,0.5758241758241758
feature value,n_samples,precision,recall,fbeta
 United-States,5821,0.7010734929810074,0.597887323943662,0.645381984036488
 Puerto-Rico,21,0.3333333333333333,1.0,0.5
 South,20,0.75,0.8571428571428571,0.7999999999999999
 Taiwan,7,0.75,1.0,0.8571428571428571
 England,18,0.6666666666666666,0.5,0.5714285714285715
 Peru,6,1.0,1.0,1.0
 Jamaica,13,0.75,0.75,0.75
 Japan,11,0.5,0.5,0.5
 Dominican-Republic,21,0.0,0.0,0.0
 Haiti,13,1.0,0.5,0.6666666666666666
 Laos,6,0.0,0.0,0.0
 Mexico,127,1.0,0.2857142857142857,0.4444444444444445
 Canada,23,0.75,0.75,0.75
 Germany,27,0.8571428571428571,0.6666666666666666,0.75
 Iran,8,0.8,0.8,0.8000000000000002
 El-Salvador,23,0.0,0.0,0.0
 Vietnam,15,0.0,0.0,0.0
 Italy,9,1.0,0.75,0.8571428571428571
 Cuba,17,0.6666666666666666,0.8,0.7272727272727272
 ?,130,0.7037037037037037,0.5757575757575758,0.6333333333333334
 India,19,0.625,0.625,0.625
 Guatemala,14,0.0,0.0,0.0
 Philippines,42,0.8125,0.6842105263157895,0.742857142857143
 Yugoslavia,5,0.0,0.0,0.0
 France,6,1.0,1.0,1.0
 Portugal,7,0.0,0.0,0.0
 Poland,10,0.5,0.5,0.5
 Columbia,11,0.0,0.0,0.0
 Nicaragua,4,1.0,1.0,1.0
 Thailand,5,1.0,1.0,1.0
 Hungary,2,0.0,0.0,0.0
 China,17,1.0,0.7142857142857143,0.8333333333333333
 Greece,7,0.6666666666666666,1.0,0.8
 Scotland,1,0.0,0.0,0.0
 Trinadad&Tobago,4,0.0,0.0,0.0
 Cambodia,4,0.0,0.0,0.0
 Outlying-US(Guam-USVI-etc),2,0.0,0.0,0.0
 Hong,4,1.0,0.5,0.6666666666666666
 Ecuador,5,0.0,0.0,0.0
 Ireland,3,1.0,1.0,1.0
 Honduras,5,0.0,0.0,0.0
feature value,n_samples,precision,recall,fbeta
 Private,4528,0.6876430205949656,0.6407249466950959,0.663355408388521
 Self-emp-not-inc,522,0.7049180327868853,0.593103448275862,0.644194756554307
 ?,391,0.68,0.38636363636363635,0.4927536231884058
 Local-gov,380,0.6146788990825688,0.6568627450980392,0.6350710900473934
 State-gov,256,0.7619047619047619,0.7164179104477612,0.7384615384615385
 Federal-gov,190,0.7142857142857143,0.6617647058823529,0.6870229007633588
 Self-emp-inc,243,0.7941176470588235,0.8,0.7970479704797047
 Never-worked,1,0.0,0.0,0.0
 Without-pay,2,0.0,0.0,0.0
feature value,n_samples,precision,recall,fbeta
 Some-college,1464,0.6618357487922706,0.5074074074074074,0.5744234800838575
 HS-grad,2092,0.5826446280991735,0.4577922077922078,0.5127272727272727
 Bachelors,1093,0.7010526315789474,0.7551020408163265,0.7270742358078602
 Assoc-acdm,227,0.62,0.5849056603773585,0.6019417475728155
 Masters,340,0.797979797979798,0.8359788359788359,0.8165374677002585
 10th,178,0.75,0.25,0.375
 Doctorate,79,0.8208955223880597,0.9649122807017544,0.8870967741935484
 Assoc-voc,264,0.6610169491525424,0.6,0.6290322580645161
 11th,246,1.0,0.21428571428571427,0.35294117647058826
 7th-8th,133,0.5,0.16666666666666666,0.25
 Prof-school,104,0.8414634146341463,0.9452054794520548,0.8903225806451612
 12th,84,1.0,0.16666666666666666,0.2857142857142857
 9th,97,0.0,0.0,0.0
 5th-6th,74,1.0,1.0,1.0
 1st-4th,31,0.0,0.0,0.0
 Preschool,7,0.0,0.0,0.0
feature value,n_samples,precision,recall,fbeta
 Married-civ-spouse,2986,0.692846034214619,0.6923076923076923,0.6925767586474932
 Never-married,2166,0.7647058823529411,0.4588235294117647,0.5735294117647058
 Divorced,893,0.7073170731707317,0.3020833333333333,0.4233576642335767
 Separated,211,1.0,0.5,0.6666666666666666
 Widowed,178,0.8,0.36363636363636365,0.5000000000000001
 Married-spouse-absent,76,1.0,0.4444444444444444,0.6153846153846153
 Married-AF-spouse,3,0.0,0.0,0.0
feature value,n_samples,precision,recall,fbeta
 Sales,757,0.6989247311827957,0.6666666666666666,0.6824146981627296
 Other-service,637,0.5555555555555556,0.20833333333333334,0.30303030303030304
 Prof-specialty,847,0.7634961439588689,0.8070652173913043,0.7846763540290621
 Machine-op-inspct,403,0.5882352941176471,0.4166666666666667,0.48780487804878053
 ?,392,0.68,0.38636363636363635,0.4927536231884058
 Craft-repair,817,0.5664335664335665,0.44751381215469616,0.5
 Adm-clerical,747,0.5465116279069767,0.49473684210526314,0.5193370165745858
 Handlers-cleaners,273,0.3333333333333333,0.14285714285714285,0.2
 Tech-support,181,0.75,0.6842105263157895,0.7155963302752295
 Exec-managerial,799,0.741424802110818,0.778393351800554,0.7594594594594595
 Protective-serv,109,0.6666666666666666,0.6875,0.676923076923077
 Transport-moving,319,0.5714285714285714,0.38461538461538464,0.4597701149425288
 Farming-fishing,203,0.7142857142857143,0.37037037037037035,0.4878048780487805
 Priv-house-serv,27,1.0,1.0,1.0
 Armed-Forces,2,0.0,0.0,0.0
feature value,n_samples,precision,recall,fbeta
 Husband,2635,0.7009674582233949,0.6948561464690497,0.6978984238178634
 Not-in-family,1671,0.7303370786516854,0.41139240506329117,0.5263157894736843
 Own-child,1009,1.0,0.3,0.4615384615384615
 Unmarried,702,0.9230769230769231,0.3,0.4528301886792453
 Other-relative,197,1.0,0.3,0.4615384615384615
 Wife,299,0.6258503401360545,0.6865671641791045,0.6548042704626335
feature value,n_samples,precision,recall,fbeta
 Asian-Pac-Islander,219,0.7560975609756098,0.5535714285714286,0.6391752577319588
 White,5537,0.6989914662529092,0.6595900439238653,0.6787193973634651
 Amer-Indian-Eskimo,73,0.6666666666666666,0.5714285714285714,0.6153846153846153
 Black,640,0.6470588235294118,0.515625,0.573913043478261
 Other,44,0.6,0.5,0.5454545454545454
feature value,n_samples,precision,recall,fbeta
 Male,4304,0.7055417700578991,0.6684952978056427,0.6865191146881288
 Female,2209,0.6502732240437158,0.5336322869955157,0.5862068965517241
feature value,n_samples,precision,recall,fbeta
 United-States,5826,0.7001569858712716,0.6525237746891002,0.6755017039000377
 Canada,25,0.5714285714285714,0.5,0.5333333333333333
 El-Salvador,18,1.0,1.0,1.0
 Mexico,116,0.5,0.4,0.4444444444444445
 Trinadad&Tobago,5,0.0,0.0,0.0
 Ireland,5,0.0,0.0,0.0
 Philippines,47,0.7142857142857143,0.4166666666666667,0.5263157894736842
 Cuba,18,0.8,0.8,0.8000000000000002
 Puerto-Rico,16,0.5,0.6666666666666666,0.5714285714285715
 Cambodia,3,1.0,1.0,1.0
 Dominican-Republic,14,0.5,1.0,0.6666666666666666
 Germany,25,0.6666666666666666,0.3333333333333333,0.4444444444444444
 Italy,23,0.8571428571428571,0.75,0.7999999999999999
 Guatemala,12,0.0,0.0,0.0
 ?,130,0.6333333333333333,0.6129032258064516,0.6229508196721313
 Jamaica,14,0.0,0.0,0.0
 England,23,0.7142857142857143,0.7142857142857143,0.7142857142857143
 Columbia,15,0.0,0.0,0.0
 Hungary,2,0.0,0.0,0.0
 Vietnam,11,0.0,0.0,0.0
 Greece,6,0.5,1.0,0.6666666666666666
 Laos,4,0.0,0.0,0.0
 Haiti,9,0.0,0.0,0.0
 Iran,9,0.5,1.0,0.6666666666666666
 Japan,15,0.5,0.25,0.3333333333333333
 Portugal,9,0.0,0.0,0.0
 Nicaragua,7,0.0,0.0,0.0
 India,17,0.8888888888888888,1.0,0.9411764705882353
 China,19,1.0,0.5555555555555556,0.7142857142857143
 South,15,1.0,0.5,0.6666666666666666
 France,8,0.3333333333333333,0.5,0.4
 Scotland,1,1.0,1.0,1.0
 Poland,6,1.0,0.5,0.6666666666666666
 Peru,6,0.0,0.0,0.0
 Hong,6,0.5,1.0,0.6666666666666666
 Honduras,3,0.0,0.0,0.0
 Taiwan,10,1.0,0.6666666666666666,0.8
 Ecuador,7,0.5,0.5,0.5
 Outlying-US(Guam-USVI-etc),2,0.0,0.0,0.0
 Thailand,2,0.0,0.0,0.0
 Yugoslavia,4,1.0,1.0,1.0
feature value,n_samples,precision,recall,fbeta
 Private,4523,0.7435897435897436,0.6207951070336392,0.6766666666666667
 Self-emp-inc,243,0.7547169811320755,0.851063829787234,0.8
 Local-gov,438,0.6742424242424242,0.7063492063492064,0.689922480620155
 ?,362,0.6071428571428571,0.5,0.5483870967741935
 Self-emp-not-inc,497,0.7254901960784313,0.5103448275862069,0.5991902834008097
 Federal-gov,195,0.696969696969697,0.6666666666666666,0.6814814814814815
 State-gov,252,0.7884615384615384,0.6212121212121212,0.6949152542372881
 Never-worked,1,0.0,0.0,0.0
 Without-pay,2,0.0,0.0,0.0
feature value,n_samples,precision,recall,fbeta
 Some-college,1440,0.6504424778761062,0.5287769784172662,0.5833333333333334
 Bachelors,1040,0.7798594847775175,0.7744186046511627,0.777129521586931
 11th,230,0.7142857142857143,0.4166666666666667,0.5263157894736842
 HS-grad,2097,0.5686274509803921,0.36363636363636365,0.44359464627151046
 10th,169,0.6666666666666666,0.3333333333333333,0.4444444444444444
 Masters,367,0.845771144278607,0.8133971291866029,0.8292682926829269
 Assoc-acdm,225,0.6458333333333334,0.5849056603773585,0.6138613861386139
 12th,86,1.0,0.125,0.2222222222222222
 Assoc-voc,301,0.6811594202898551,0.573170731707317,0.6225165562913908
 9th,92,1.0,0.2,0.33333333333333337
 7th-8th,144,1.0,0.5,0.6666666666666666
 Prof-school,134,0.8532110091743119,0.9587628865979382,0.9029126213592232
 Doctorate,69,0.7962962962962963,0.9148936170212766,0.8514851485148516
 1st-4th,34,1.0,1.0,1.0
 5th-6th,81,1.0,0.25,0.4
 Preschool,4,0.0,0.0,0.0
feature value,n_samples,precision,recall,fbeta
 Married-civ-spouse,2994,0.7272727272727273,0.6775631500742942,0.7015384615384616
 Never-married,2191,0.7777777777777778,0.4268292682926829,0.5511811023622046
 Divorced,836,0.782608695652174,0.4,0.5294117647058824
 Widowed,210,1.0,0.2,0.33333333333333337
 Married-spouse-absent,89,1.0,0.45454545454545453,0.625
 Separated,189,1.0,0.3333333333333333,0.5
 Married-AF-spouse,4,0.0,0.0,0.0
feature value,n_samples,precision,recall,fbeta
 Craft-repair,798,0.6015037593984962,0.45454545454545453,0.517799352750809
 Adm-clerical,752,0.6463414634146342,0.5353535353535354,0.5856353591160222
 Farming-fishing,200,1.0,0.48,0.6486486486486487
 Exec-managerial,828,0.7783132530120482,0.8177215189873418,0.7975308641975308
 Sales,759,0.7359550561797753,0.6179245283018868,0.6717948717948717
 Machine-op-inspct,386,0.6363636363636364,0.3181818181818182,0.4242424242424242
 Other-service,658,1.0,0.1388888888888889,0.24390243902439027
 Prof-specialty,838,0.7942857142857143,0.7679558011049724,0.7808988764044943
 Protective-serv,151,0.5625,0.675,0.6136363636363636
 ?,363,0.6071428571428571,0.5,0.5483870967741935
 Tech-support,175,0.6346153846153846,0.7333333333333333,0.6804123711340205
 Transport-moving,315,0.6538461538461539,0.24285714285714285,0.35416666666666663
 Handlers-cleaners,262,0.8571428571428571,0.25,0.3870967741935483
 Priv-house-serv,28,0.0,0.0,0.0
feature value,n_samples,precision,recall,fbeta
 Husband,2636,0.7233661593554163,0.6859083191850595,0.7041394335511983
 Not-in-family,1619,0.7954545454545454,0.42424242424242425,0.5533596837944663
 Own-child,1047,1.0,0.3333333333333333,0.5
 Unmarried,677,0.8181818181818182,0.23684210526315788,0.3673469387755102
 Wife,317,0.75,0.6265822784810127,0.6827586206896552
 Other-relative,217,1.0,0.625,0.7692307692307693
feature value,n_samples,precision,recall,fbeta
 White,5546,0.7343113284433578,0.6435714285714286,0.6859535591929957
 Black,620,0.7586206896551724,0.5238095238095238,0.6197183098591549
 Amer-Indian-Eskimo,74,0.625,0.5555555555555556,0.5882352941176471
 Other,50,1.0,0.8,0.888888888888889
 Asian-Pac-Islander,223,0.6885245901639344,0.65625,0.672
feature value,n_samples,precision,recall,fbeta
 Male,4363,0.7284157585917854,0.6618431073876618,0.693535514764565
 Female,2150,0.7696969696969697,0.5100401606425703,0.6135265700483091
feature value,n_samples,precision,recall,fbeta
 United-States,5832,0.7361668003207699,0.6383866481223922,0.6837988826815642
 ?,110,0.8095238095238095,0.6071428571428571,0.6938775510204083
 Mexico,136,1.0,0.3333333333333333,0.5
 Dominican-Republic,18,0.0,0.0,0.0
 Cuba,28,0.5,0.75,0.6
 Guatemala,13,1.0,1.0,1.0
 England,19,0.8333333333333334,0.8333333333333334,0.8333333333333334
 South,19,1.0,0.75,0.8571428571428571
 France,10,0.6666666666666666,0.6666666666666666,0.6666666666666666
 Philippines,48,0.5,0.5454545454545454,0.5217391304347826
 Italy,18,1.0,0.5714285714285714,0.7272727272727273
 Jamaica,19,1.0,1.0,1.0
 El-Salvador,12,1.0,1.0,1.0
 Poland,8,0.5,1.0,0.6666666666666666
 Trinadad&Tobago,3,0.0,0.0,0.0
 Taiwan,17,0.75,1.0,0.8571428571428571
 Germany,31,0.75,0.42857142857142855,0.5454545454545454
 Vietnam,8,0.0,0.0,0.0
 Ireland,5,1.0,1.0,1.0
 Nicaragua,7,0.0,0.0,0.0
 Scotland,4,1.0,1.0,1.0
 Ecuador,4,0.0,0.0,0.0
 China,14,0.75,1.0,0.8571428571428571
 Portugal,7,0.0,0.0,0.0
 Haiti,7,0.0,0.0,0.0
 Canada,14,0.6666666666666666,0.6666666666666666,0.6666666666666666
 Puerto-Rico,19,0.5,1.0,0.6666666666666666
 Thailand,3,1.0,0.5,0.6666666666666666
 India,23,0.5555555555555556,0.5555555555555556,0.5555555555555556
 Greece,7,0.5,0.5,0.5
 Columbia,8,0.0,0.0,0.0
 Japan,8,1.0,0.5,0.6666666666666666
 Cambodia,3,1.0,0.5,0.6666666666666666
 Peru,5,0.0,0.0,0.0
 Yugoslavia,4,0.0,0.0,0.0
 Laos,5,0.0,0.0,0.0
 Honduras,4,0.0,0.0,0.0
 Hong,4,1.0,1.0,1.0
 Iran,6,0.6666666666666666,1.0,0.8
 Outlying-US(Guam-USVI-etc),3,0.0,0.0,0.0
feature value,n_samples,precision,recall,fbeta
 Private,4535,0.7161676646706587,0.6190476190476191,0.6640755136035535
 Local-gov,410,0.6869565217391305,0.632,0.6583333333333332
 Federal-gov,196,0.6805555555555556,0.7205882352941176,0.7000000000000001
 Self-emp-not-inc,521,0.71875,0.45695364238410596,0.5587044534412956
 ?,348,0.6428571428571429,0.5294117647058824,0.5806451612903226
 Self-emp-inc,234,0.7426470588235294,0.7829457364341085,0.7622641509433962
 State-gov,267,0.7846153846153846,0.6296296296296297,0.6986301369863014
 Without-pay,1,0.0,0.0,0.0
 Never-worked,1,0.0,0.0,0.0
feature value,n_samples,precision,recall,fbeta
 HS-grad,2143,0.584,0.4124293785310734,0.4834437086092715
 Masters,332,0.8497409326424871,0.8282828282828283,0.8388746803069055
 11th,233,0.5,0.25,0.3333333333333333
 Bachelors,1021,0.735632183908046,0.7619047619047619,0.7485380116959063
 Prof-school,103,0.8607594936708861,0.8947368421052632,0.8774193548387097
 Some-college,1504,0.6666666666666666,0.4626334519572954,0.546218487394958
 Preschool,13,0.0,0.0,0.0
 Doctorate,83,0.8695652173913043,0.8823529411764706,0.8759124087591241
 7th-8th,123,0.6666666666666666,0.2222222222222222,0.3333333333333333
 Assoc-acdm,186,0.65,0.5306122448979592,0.5842696629213483
 10th,183,0.5,0.3333333333333333,0.4
 9th,116,0.0,0.0,0.0
 Assoc-voc,288,0.5882352941176471,0.6451612903225806,0.6153846153846154
 12th,77,1.0,0.4,0.5714285714285715
 5th-6th,77,1.0,0.25,0.4
 1st-4th,31,0.0,0.0,0.0
feature value,n_samples,precision,recall,fbeta
 Never-married,2093,0.8245614035087719,0.47959183673469385,0.6064516129032258
 Divorced,872,0.7631578947368421,0.2871287128712871,0.41726618705035967
 Married-civ-spouse,3040,0.7074939564867043,0.66565579984837,0.6859375
 Married-spouse-absent,77,1.0,0.2,0.33333333333333337
 Separated,213,1.0,0.4117647058823529,0.5833333333333334
 Widowed,213,1.0,0.18181818181818182,0.3076923076923077
 Married-AF-spouse,5,1.0,0.3333333333333333,0.5
feature value,n_samples,precision,recall,fbeta
 Craft-repair,855,0.6148148148148148,0.4368421052631579,0.5107692307692308
 Prof-specialty,783,0.7726027397260274,0.7833333333333333,0.7779310344827587
 Transport-moving,342,0.59375,0.2638888888888889,0.3653846153846154
 Handlers-cleaners,277,1.0,0.08333333333333333,0.15384615384615385
 Exec-managerial,854,0.7573529411764706,0.7686567164179104,0.7629629629629631
 Other-service,622,0.5714285714285714,0.16,0.25
 Machine-op-inspct,402,0.6666666666666666,0.391304347826087,0.4931506849315068
 Adm-clerical,737,0.56,0.45161290322580644,0.5
 ?,349,0.6428571428571429,0.5294117647058824,0.5806451612903226
 Sales,742,0.7,0.6263157894736842,0.6611111111111111
 Farming-fishing,199,0.7333333333333333,0.3793103448275862,0.5
 Tech-support,180,0.8,0.6037735849056604,0.6881720430107526
 Protective-serv,136,0.6046511627906976,0.5531914893617021,0.5777777777777778
 Priv-house-serv,34,0.0,0.0,0.0
 Armed-Forces,1,1.0,1.0,1.0
feature value,n_samples,precision,recall,fbeta
 Not-in-family,1625,0.8170731707317073,0.37640449438202245,0.5153846153846153
 Own-child,969,0.8,0.4444444444444444,0.5714285714285714
 Other-relative,190,1.0,0.5,0.6666666666666666
 Unmarried,724,0.8333333333333334,0.3125,0.45454545454545453
 Husband,2687,0.7133699633699634,0.6641091219096334,0.6878587196467991
 Wife,318,0.6621621621621622,0.6901408450704225,0.6758620689655171
feature value,n_samples,precision,recall,fbeta
 White,5577,0.7188006482982172,0.6299715909090909,0.6714610143830433
 Black,621,0.7333333333333333,0.5057471264367817,0.598639455782313
 Other,59,1.0,0.3333333333333333,0.5
 Asian-Pac-Islander,197,0.6956521739130435,0.64,0.6666666666666666
 Amer-Indian-Eskimo,59,0.16666666666666666,0.16666666666666666,0.16666666666666666
feature value,n_samples,precision,recall,fbeta
 Male,4345,0.7191011235955056,0.6336633663366337,0.6736842105263158
 Female,2168,0.7,0.5518672199170125,0.617169373549884
feature value,n_samples,precision,recall,fbeta
 United-States,5833,0.7261712439418416,0.6243055555555556,0.671396564600448
 Puerto-Rico,22,1.0,1.0,1.0
 Mexico,146,0.25,0.3333333333333333,0.28571428571428575
 ?,118,0.5357142857142857,0.6,0.5660377358490566
 Portugal,7,0.0,0.0,0.0
 El-Salvador,22,0.75,0.75,0.75
 Germany,28,0.5,0.1111111111111111,0.1818181818181818
 Trinadad&Tobago,3,0.0,0.0,0.0
 Peru,9,0.0,0.0,0.0
 Taiwan,9,0.5,0.6666666666666666,0.5714285714285715
 India,19,0.5,0.7142857142857143,0.588235294117647
 Guatemala,9,0.0,0.0,0.0
 Philippines,37,0.9,0.6428571428571429,0.75
 Canada,24,0.7142857142857143,0.625,0.6666666666666666
 Haiti,6,0.0,0.0,0.0
 Greece,5,1.0,0.5,0.6666666666666666
 Dominican-Republic,18,0.0,0.0,0.0
 Honduras,3,0.0,0.0,0.0
 South,14,0.0,0.0,0.0
 England,14,0.25,0.25,0.25
 China,14,0.4,1.0,0.5714285714285715
 Yugoslavia,5,0.0,0.0,0.0
 France,8,1.0,1.0,1.0
 Columbia,9,0.0,0.0,0.0
 Poland,10,0.0,0.0,0.0
 Vietnam,16,1.0,1.0,1.0
 Jamaica,16,1.0,1.0,1.0
 Scotland,5,0.0,0.0,0.0
 Italy,14,0.6666666666666666,0.6666666666666666,0.6666666666666666
 Japan,13,0.75,0.6,0.6666666666666665
 Cuba,16,0.5,0.5,0.5
 Iran,10,0.8333333333333334,0.8333333333333334,0.8333333333333334
 Ecuador,6,1.0,0.5,0.6666666666666666
 Hungary,3,0.0,0.0,0.0
 Laos,3,0.0,0.0,0.0
 Nicaragua,6,0.0,0.0,0.0
 Ireland,4,0.0,0.0,0.0
 Thailand,4,1.0,1.0,1.0
 Holand-Netherlands,1,0.0,0.0,0.0
 Hong,3,1.0,1.0,1.0
 Cambodia,1,0.0,0.0,0.0
feature value,n_samples,precision,recall,fbeta
 Private,4579,0.7144522144522144,0.6242362525458248,0.6663043478260869
 Self-emp-not-inc,542,0.6695652173913044,0.5273972602739726,0.5900383141762452
 Federal-gov,192,0.7213114754098361,0.5866666666666667,0.6470588235294118
 Local-gov,421,0.6788990825688074,0.5826771653543307,0.6271186440677966
 ?,345,0.6153846153846154,0.4,0.4848484848484849
 Self-emp-inc,193,0.8290598290598291,0.8083333333333333,0.818565400843882
 State-gov,239,0.6842105263157895,0.639344262295082,0.6610169491525425
 Without-pay,2,0.0,0.0,0.0
feature value,n_samples,precision,recall,fbeta
 Some-college,1440,0.675392670157068,0.46236559139784944,0.5489361702127659
 HS-grad,2101,0.6118721461187214,0.3952802359882006,0.4802867383512544
 11th,252,0.8333333333333334,0.625,0.7142857142857143
 Masters,341,0.7562189054726368,0.8085106382978723,0.781491002570694
 Assoc-voc,303,0.6923076923076923,0.6081081081081081,0.6474820143884892
 Bachelors,1083,0.7339449541284404,0.7407407407407407,0.7373271889400922
 Prof-school,120,0.81,0.9101123595505618,0.8571428571428572
 Assoc-acdm,195,0.7254901960784313,0.7254901960784313,0.7254901960784313
 7th-8th,129,0.5,0.1,0.16666666666666669
 9th,101,0.0,0.0,0.0
 10th,172,1.0,0.3,0.4615384615384615
 Preschool,12,0.0,0.0,0.0
 Doctorate,85,0.7761194029850746,0.8813559322033898,0.8253968253968255
 12th,80,1.0,0.14285714285714285,0.25
 5th-6th,62,0.0,0.0,0.0
 1st-4th,37,0.0,0.0,0.0
feature value,n_samples,precision,recall,fbeta
 Married-civ-spouse,2956,0.7094430992736077,0.6766743648960739,0.6926713947990544
 Never-married,2154,0.8163265306122449,0.3669724770642202,0.5063291139240507
 Divorced,884,0.7027027027027027,0.2708333333333333,0.39097744360902253
 Married-spouse-absent,94,0.5,0.3333333333333333,0.4
 Widowed,211,1.0,0.3181818181818182,0.4827586206896552
 Separated,210,0.8571428571428571,0.35294117647058826,0.5
 Married-AF-spouse,4,0.0,0.0,0.0
feature value,n_samples,precision,recall,fbeta
 Exec-managerial,810,0.7763157894736842,0.7301980198019802,0.7525510204081634
 Other-service,678,0.9,0.3103448275862069,0.4615384615384615
 Handlers-cleaners,280,0.6,0.1875,0.2857142857142857
 Sales,698,0.6705202312138728,0.651685393258427,0.6609686609686609
 Prof-specialty,838,0.7585301837270341,0.7686170212765957,0.7635402906208717
 Protective-serv,122,0.5161290322580645,0.5,0.5079365079365079
 Farming-fishing,175,0.7692307692307693,0.4166666666666667,0.5405405405405406
 ?,345,0.6153846153846154,0.4,0.4848484848484849
 Craft-repair,817,0.5671641791044776,0.49032258064516127,0.5259515570934256
 Tech-support,205,0.7547169811320755,0.7017543859649122,0.7272727272727273
 Transport-moving,347,0.625,0.3246753246753247,0.42735042735042733
 Machine-op-inspct,404,0.5217391304347826,0.27906976744186046,0.36363636363636365
 Adm-clerical,771,0.7162162162162162,0.44166666666666665,0.5463917525773196
 Priv-house-serv,22,0.0,0.0,0.0
 Armed-Forces,1,0.0,0.0,0.0
feature value,n_samples,precision,recall,fbeta
 Wife,314,0.7034482758620689,0.6666666666666666,0.6845637583892616
 Own-child,1044,0.875,0.6363636363636364,0.7368421052631579
 Husband,2594,0.710091743119266,0.6777583187390543,0.6935483870967742
 Other-relative,205,0.6666666666666666,0.25,0.36363636363636365
 Unmarried,694,0.6875,0.2391304347826087,0.3548387096774194
 Not-in-family,1662,0.7901234567901234,0.33507853403141363,0.4705882352941177
feature value,n_samples,precision,recall,fbeta
 White,5536,0.7122186495176849,0.6319543509272468,0.6696900982615269
 Black,631,0.6739130434782609,0.4305555555555556,0.5254237288135593
 Asian-Pac-Islander,228,0.8,0.5901639344262295,0.6792452830188679
 Amer-Indian-Eskimo,59,1.0,0.625,0.7692307692307693
 Other,59,0.6666666666666666,0.25,0.36363636363636365
feature value,n_samples,precision,recall,fbeta
 Female,2183,0.7150837988826816,0.5289256198347108,0.6080760095011876
 Male,4330,0.7147766323024055,0.6355996944232238,0.6728669632025879
feature value,n_samples,precision,recall,fbeta
 United-States,5820,0.7126715092816788,0.6253541076487252,0.6661637118068653
 ?,113,0.6923076923076923,0.5294117647058824,0.5999999999999999
 China,19,1.0,0.8571428571428571,0.923076923076923
 England,14,0.3333333333333333,0.2,0.25
 Germany,22,1.0,0.2857142857142857,0.4444444444444445
 Mexico,131,0.5,0.125,0.2
 France,5,1.0,1.0,1.0
 Japan,13,0.6666666666666666,0.4,0.5
 Puerto-Rico,30,0.25,1.0,0.4
 India,22,0.75,0.5454545454545454,0.631578947368421
 Philippines,43,0.7142857142857143,0.5555555555555556,0.6250000000000001
 Canada,24,0.7142857142857143,0.5555555555555556,0.6250000000000001
 Laos,3,0.0,0.0,0.0
 Columbia,17,0.0,0.0,0.0
 Italy,14,1.0,0.6666666666666666,0.8
 Hong,2,1.0,1.0,1.0
 El-Salvador,24,1.0,1.0,1.0
 Ecuador,5,1.0,1.0,1.0
 Outlying-US(Guam-USVI-etc),4,0.0,0.0,0.0
 Haiti,13,1.0,1.0,1.0
 Dominican-Republic,18,0.0,0.0,0.0
 Iran,8,1.0,0.6,0.7499999999999999
 Taiwan,10,1.0,0.8,0.888888888888889
 South,22,0.6,0.75,0.6666666666666665
 Cuba,22,0.75,1.0,0.8571428571428571
 Jamaica,12,0.0,0.0,0.0
 Vietnam,11,0.0,0.0,0.0
 Guatemala,10,0.0,0.0,0.0
 Honduras,2,0.0,0.0,0.0
 Cambodia,5,0.0,0.0,0.0
 Nicaragua,10,0.0,0.0,0.0
 Scotland,3,0.0,0.0,0.0
 Poland,10,1.0,0.5,0.6666666666666666
 Ireland,6,1.0,0.5,0.6666666666666666
 Greece,4,1.0,0.5,0.6666666666666666
 Peru,4,0.0,0.0,0.0
 Portugal,4,0.0,0.0,0.0
 Thailand,4,0.0,0.0,0.0
 Hungary,3,1.0,1.0,1.0
 Yugoslavia,3,0.0,0.0,0.0
 Holand-Netherlands,1,0.0,0.0,0.0
 Trinadad&Tobago,3,1.0,1.0,1.0
feature value,n_samples,precision,recall,fbeta
 Private,4575,0.7142857142857143,0.6101190476190477,0.6581059390048155
 Federal-gov,191,0.6666666666666666,0.7419354838709677,0.7022900763358778
 State-gov,256,0.7567567567567568,0.7368421052631579,0.7466666666666667
 Local-gov,450,0.7524752475247525,0.6333333333333333,0.6877828054298643
 Self-emp-not-inc,504,0.6559139784946236,0.46564885496183206,0.5446428571428571
 Self-emp-inc,204,0.7706422018348624,0.7636363636363637,0.767123287671233
 ?,329,0.5,0.25806451612903225,0.3404255319148936
 Without-pay,3,0.0,0.0,0.0
 Never-worked,1,0.0,0.0,0.0
feature value,n_samples,precision,recall,fbeta
 HS-grad,2097,0.6042553191489362,0.4139941690962099,0.49134948096885805
 Some-college,1452,0.6421052631578947,0.46564885496183206,0.5398230088495575
 Masters,341,0.8181818181818182,0.8360655737704918,0.8270270270270271
 Bachelors,1110,0.7317073170731707,0.7603686635944701,0.7457627118644068
 5th-6th,71,1.0,0.5,0.6666666666666666
 Doctorate,76,0.8392857142857143,0.9038461538461539,0.8703703703703703
 11th,240,1.0,0.375,0.5454545454545454
 Assoc-voc,278,0.6481481481481481,0.44871794871794873,0.5303030303030304
 Assoc-acdm,208,0.68,0.5573770491803278,0.6126126126126127
 10th,181,0.6,0.23076923076923078,0.33333333333333337
 9th,97,0.5,0.25,0.3333333333333333
 Prof-school,111,0.8433734939759037,0.9459459459459459,0.8917197452229301
 12th,82,1.0,0.2,0.33333333333333337
 7th-8th,131,0.5,0.09090909090909091,0.15384615384615385
 Preschool,12,0.0,0.0,0.0
 1st-4th,26,0.0,0.0,0.0
feature value,n_samples,precision,recall,fbeta
 Never-married,2121,0.8235294117647058,0.45161290322580644,0.5833333333333333
 Married-civ-spouse,3011,0.7112561174551386,0.6586102719033232,0.6839215686274509
 Divorced,897,0.7105263157894737,0.28125,0.40298507462686567
 Married-spouse-absent,77,1.0,0.2,0.33333333333333337
 Separated,216,0.75,0.3,0.4285714285714285
 Widowed,187,0.5,0.1111111111111111,0.1818181818181818
 Married-AF-spouse,4,0.0,0.0,0.0
feature value,n_samples,precision,recall,fbeta
 Adm-clerical,739,0.5164835164835165,0.5802469135802469,0.5465116279069768
 Other-service,658,0.75,0.20689655172413793,0.32432432432432434
 Prof-specialty,861,0.7722222222222223,0.7787114845938375,0.7754532775453278
 Sales,769,0.671875,0.6,0.6339066339066339
 Craft-repair,807,0.6050420168067226,0.4186046511627907,0.4948453608247423
 Transport-moving,310,0.7272727272727273,0.35294117647058826,0.4752475247524753
 Machine-op-inspct,410,0.7368421052631579,0.3835616438356164,0.5045045045045046
 Handlers-cleaners,276,0.8,0.16666666666666666,0.27586206896551724
 Tech-support,188,0.6415094339622641,0.68,0.6601941747572816
 Exec-managerial,800,0.7874659400544959,0.7768817204301075,0.7821380243572394
 ?,330,0.5,0.25806451612903225,0.3404255319148936
 Protective-serv,135,0.6666666666666666,0.42105263157894735,0.5161290322580646
 Farming-fishing,199,0.625,0.37037037037037035,0.4651162790697674
 Priv-house-serv,30,0.0,0.0,0.0
 Armed-Forces,1,1.0,1.0,1.0
feature value,n_samples,precision,recall,fbeta
 Not-in-family,1660,0.7564102564102564,0.37579617834394907,0.502127659574468
 Wife,325,0.68,0.6623376623376623,0.6710526315789473
 Own-child,1019,1.0,0.2,0.33333333333333337
 Husband,2642,0.7150837988826816,0.6597938144329897,0.6863270777479893
 Unmarried,665,0.8,0.3157894736842105,0.45283018867924535
 Other-relative,202,0.6666666666666666,0.2,0.30769230769230765
feature value,n_samples,precision,recall,fbeta
 White,5522,0.7146443514644352,0.6161616161616161,0.6617590081363812
 Black,673,0.7567567567567568,0.5894736842105263,0.6627218934911243
 Amer-Indian-Eskimo,61,0.5,0.5,0.5
 Asian-Pac-Islander,206,0.6808510638297872,0.6666666666666666,0.6736842105263158
 Other,51,0.6666666666666666,0.4,0.5
feature value,n_samples,precision,recall,fbeta
 Female,2169,0.6888888888888889,0.5560538116591929,0.6153846153846154
 Male,4344,0.7191601049868767,0.6250950570342205,0.6688364524003254
feature value,n_samples,precision,recall,fbeta
 United-States,5820,0.7151162790697675,0.6102055279943303,0.6585086042065009
 Italy,15,1.0,1.0,1.0
 ?,134,0.78125,0.7575757575757576,0.7692307692307692
 Greece,5,0.0,0.0,0.0
 Philippines,39,0.7692307692307693,0.9090909090909091,0.8333333333333333
 Puerto-Rico,15,0.5,0.5,0.5
 India,24,0.5,0.875,0.6363636363636364
 Haiti,8,0.0,0.0,0.0
 South,25,0.5,0.5,0.5
 Dominican-Republic,19,0.0,0.0,0.0
 China,19,0.75,0.75,0.75
 England,16,0.4,0.4,0.4000000000000001
 Cuba,17,0.6666666666666666,0.6666666666666666,0.6666666666666666
 Poland,12,0.5,0.5,0.5
 Vietnam,12,0.0,0.0,0.0
 Peru,6,0.0,0.0,0.0
 Columbia,11,1.0,1.0,1.0
 Germany,33,1.0,0.38461538461538464,0.5555555555555556
 Mexico,123,0.6666666666666666,0.3333333333333333,0.4444444444444444
 Taiwan,12,1.0,0.6666666666666666,0.8
 Cambodia,3,1.0,1.0,1.0
 Ecuador,7,0.0,0.0,0.0
 Holand-Netherlands,1,0.0,0.0,0.0
 El-Salvador,22,1.0,0.5,0.6666666666666666
 Jamaica,15,0.0,0.0,0.0
 Hong,4,1.0,1.0,1.0
 Nicaragua,7,0.0,0.0,0.0
 Ireland,6,1.0,1.0,1.0
 Honduras,1,0.0,0.0,0.0
 Guatemala,14,0.0,0.0,0.0
 Portugal,5,0.0,0.0,0.0
 Japan,8,0.6666666666666666,1.0,0.8
 France,8,0.6666666666666666,1.0,0.8
 Canada,18,0.8,0.5,0.6153846153846154
 Hungary,4,0.0,0.0,0.0
 Laos,1,0.0,0.0,0.0
 Trinadad&Tobago,2,0.0,0.0,0.0
 Scotland,4,1.0,1.0,1.0
 Outlying-US(Guam-USVI-etc),3,0.0,0.0,0.0
 Iran,8,0.5,0.5,0.5
 Thailand,3,1.0,1.0,1.0
 Yugoslavia,4,0.0,0.0,0.0
feature value,n_samples,precision,recall,fbeta
 Private,4540,0.8035264483627204,0.6194174757281553,0.6995614035087718
 ?,369,0.9047619047619048,0.41304347826086957,0.5671641791044776
 Self-emp-not-inc,509,0.6276595744680851,0.46825396825396826,0.5363636363636364
 State-gov,262,0.6901408450704225,0.7205882352941176,0.7050359712230215
 Federal-gov,175,0.746268656716418,0.7352941176470589,0.7407407407407408
 Local-gov,432,0.7166666666666667,0.6323529411764706,0.671875
 Self-emp-inc,225,0.7878787878787878,0.7761194029850746,0.7819548872180451
 Never-worked,1,0.0,0.0,0.0
feature value,n_samples,precision,recall,fbeta
 5th-6th,59,0.0,0.0,0.0
 HS-grad,2045,0.7768595041322314,0.283987915407855,0.41592920353982304
 Assoc-acdm,192,0.6976744186046512,0.6521739130434783,0.6741573033707865
 Bachelors,1135,0.7519230769230769,0.8095238095238095,0.7796610169491526
 10th,188,1.0,0.18181818181818182,0.3076923076923077
 Prof-school,118,0.8426966292134831,0.8426966292134831,0.842696629213483
 Some-college,1453,0.7587939698492462,0.5531135531135531,0.6398305084745762
 11th,262,1.0,0.26666666666666666,0.4210526315789474
 Doctorate,86,0.8382352941176471,0.9047619047619048,0.8702290076335878
 7th-8th,127,1.0,0.2,0.33333333333333337
 Masters,341,0.8085106382978723,0.8042328042328042,0.806366047745358
 Assoc-voc,296,0.7333333333333333,0.5057471264367817,0.598639455782313
 1st-4th,28,0.0,0.0,0.0
 9th,91,0.0,0.0,0.0
 12th,83,1.0,0.4,0.5714285714285715
 Preschool,9,0.0,0.0,0.0
feature value,n_samples,precision,recall,fbeta
 Married-civ-spouse,3040,0.7644191714053615,0.6898826979472141,0.7252408477842004
 Divorced,826,0.9090909090909091,0.2,0.32786885245901637
 Never-married,2158,0.9722222222222222,0.3181818181818182,0.47945205479452047
 Separated,198,0.8333333333333334,0.29411764705882354,0.4347826086956522
 Widowed,206,1.0,0.18181818181818182,0.3076923076923077
 Married-spouse-absent,79,1.0,0.5,0.6666666666666666
 Married-AF-spouse,6,0.0,0.0,0.0
feature value,n_samples,precision,recall,fbeta
 Machine-op-inspct,375,0.8666666666666667,0.2826086956521739,0.4262295081967213
 Other-service,651,1.0,0.2,0.33333333333333337
 Craft-repair,826,0.7666666666666667,0.372972972972973,0.5018181818181818
 Tech-support,219,0.734375,0.7121212121212122,0.7230769230769231
 Transport-moving,320,0.9130434782608695,0.3088235294117647,0.46153846153846156
 Exec-managerial,835,0.8055555555555556,0.7780487804878049,0.7915632754342432
 ?,370,0.9047619047619048,0.41304347826086957,0.5671641791044776
 Prof-specialty,839,0.7714285714285715,0.8048780487804879,0.7877984084880636
 Farming-fishing,192,0.7272727272727273,0.36363636363636365,0.4848484848484849
 Handlers-cleaners,252,1.0,0.23809523809523808,0.3846153846153846
 Sales,753,0.7388888888888889,0.6456310679611651,0.6891191709844561
 Armed-Forces,3,1.0,1.0,1.0
 Adm-clerical,721,0.6388888888888888,0.4791666666666667,0.5476190476190476
 Protective-serv,122,0.7096774193548387,0.46808510638297873,0.5641025641025641
 Priv-house-serv,35,0.0,0.0,0.0
feature value,n_samples,precision,recall,fbeta
 Husband,2675,0.7686635944700461,0.6915422885572139,0.7280663465735486
 Not-in-family,1613,0.95,0.3064516129032258,0.4634146341463415
 Unmarried,675,1.0,0.1276595744680851,0.22641509433962262
 Own-child,1035,1.0,0.2,0.33333333333333337
 Other-relative,199,0.75,0.5,0.6
 Wife,316,0.7253521126760564,0.673202614379085,0.6983050847457628
feature value,n_samples,precision,recall,fbeta
 White,5532,0.7771186440677966,0.6337249481686248,0.6981347544727826
 Black,632,0.7833333333333333,0.5053763440860215,0.6143790849673203
 Asian-Pac-Islander,234,0.673469387755102,0.6226415094339622,0.6470588235294118
 Amer-Indian-Eskimo,57,0.8333333333333334,0.5555555555555556,0.6666666666666667
 Other,58,0.75,0.5,0.6
feature value,n_samples,precision,recall,fbeta
 Male,4352,0.7734513274336283,0.6421748714180749,0.7017262143717383
 Female,2161,0.7751479289940828,0.5303643724696356,0.6298076923076923
feature value,n_samples,precision,recall,fbeta
 Mexico,125,1.0,0.4,0.5714285714285715
 United-States,5794,0.7815699658703071,0.6210169491525424,0.6921042689837552
 ?,126,0.7419354838709677,0.71875,0.7301587301587302
 Laos,6,0.0,0.0,0.0
 India,22,0.7142857142857143,0.7142857142857143,0.7142857142857143
 Peru,5,0.0,0.0,0.0
 Philippines,49,0.75,0.6923076923076923,0.7199999999999999
 Japan,12,0.3333333333333333,0.3333333333333333,0.3333333333333333
 Vietnam,13,0.0,0.0,0.0
 Italy,14,1.0,0.4,0.5714285714285715
 Taiwan,13,0.75,1.0,0.8571428571428571
 Haiti,10,0.0,0.0,0.0
 China,20,1.0,1.0,1.0
 South,23,0.5714285714285714,0.5714285714285714,0.5714285714285714
 Ireland,6,0.0,0.0,0.0
 Poland,11,1.0,0.5,0.6666666666666666
 Iran,14,0.3333333333333333,0.5,0.4
 Columbia,11,0.0,0.0,0.0
 Guatemala,10,0.0,0.0,0.0
 Portugal,8,0.0,0.0,0.0
 Puerto-Rico,23,0.5,1.0,0.6666666666666666
 Honduras,2,0.0,0.0,0.0
 England,23,0.6666666666666666,0.75,0.7058823529411765
 Germany,27,0.6666666666666666,0.8571428571428571,0.75
 Canada,24,0.6,0.42857142857142855,0.5
 Cambodia,2,0.0,0.0,0.0
 El-Salvador,22,1.0,1.0,1.0
 Cuba,15,1.0,0.3333333333333333,0.5
 Jamaica,18,1.0,0.6666666666666666,0.8
 Greece,9,0.8,1.0,0.888888888888889
 Hungary,4,0.0,0.0,0.0
 Dominican-Republic,17,0.0,0.0,0.0
 Hong,6,1.0,1.0,1.0
 Nicaragua,5,0.0,0.0,0.0
 France,6,1.0,0.75,0.8571428571428571
 Scotland,4,0.0,0.0,0.0
 Outlying-US(Guam-USVI-etc),4,0.0,0.0,0.0
 Trinadad&Tobago,2,0.5,1.0,0.6666666666666666
 Yugoslavia,2,1.0,1.0,1.0
 Ecuador,5,0.0,0.0,0.0
 Thailand,1,0.0,0.0,0.0
feature value,n_samples,precision,recall,fbeta
 Self-emp-not-inc,528,0.7475728155339806,0.5347222222222222,0.6234817813765182
 ?,362,0.42105263157894735,0.26666666666666666,0.326530612244898
 Private,4493,0.7275985663082437,0.6163967611336032,0.6673972602739725
 State-gov,289,0.7931034482758621,0.5411764705882353,0.6433566433566433
 Federal-gov,201,0.7833333333333333,0.6619718309859155,0.717557251908397
 Local-gov,414,0.7439024390243902,0.5596330275229358,0.6387434554973822
 Self-emp-inc,224,0.7419354838709677,0.7666666666666667,0.7540983606557377
 Never-worked,1,0.0,0.0,0.0
 Without-pay,1,0.0,0.0,0.0
feature value,n_samples,precision,recall,fbeta
 Masters,328,0.7630057803468208,0.8048780487804879,0.7833827893175074
 HS-grad,2075,0.6380090497737556,0.4208955223880597,0.5071942446043166
 Some-college,1510,0.6966824644549763,0.525,0.5987780040733198
 11th,221,0.0,0.0,0.0
 Assoc-acdm,227,0.625,0.5769230769230769,0.6
 10th,188,1.0,0.16666666666666666,0.2857142857142857
 12th,92,0.0,0.0,0.0
 Bachelors,1065,0.7745803357314148,0.6991341991341992,0.7349260523321957
 7th-8th,124,0.0,0.0,0.0
 Assoc-voc,273,0.6153846153846154,0.5079365079365079,0.5565217391304348
 Prof-school,109,0.8734177215189873,0.8846153846153846,0.8789808917197452
 9th,108,1.0,0.1111111111111111,0.19999999999999998
 Doctorate,92,0.8157894736842105,0.8985507246376812,0.8551724137931034
 5th-6th,65,1.0,0.25,0.4
 1st-4th,30,0.0,0.0,0.0
 Preschool,6,0.0,0.0,0.0
feature value,n_samples,precision,recall,fbeta
 Widowed,188,1.0,0.13333333333333333,0.23529411764705882
 Married-civ-spouse,2987,0.7221750212404418,0.6523407521105142,0.685483870967742
 Never-married,2156,0.8666666666666667,0.35454545454545455,0.503225806451613
 Divorced,887,0.8113207547169812,0.4174757281553398,0.5512820512820513
 Married-spouse-absent,89,1.0,0.5,0.6666666666666666
 Separated,201,1.0,0.2,0.33333333333333337
 Married-AF-spouse,5,1.0,1.0,1.0
feature value,n_samples,precision,recall,fbeta
 Other-service,688,0.8,0.14285714285714285,0.24242424242424243
 ?,363,0.42105263157894735,0.26666666666666666,0.326530612244898
 Transport-moving,322,0.5483870967741935,0.3617021276595745,0.43589743589743596
 Adm-clerical,761,0.6,0.47058823529411764,0.5274725274725275
 Protective-serv,131,0.7,0.4772727272727273,0.5675675675675677
 Craft-repair,789,0.6190476190476191,0.41935483870967744,0.5
 Machine-op-inspct,385,0.7083333333333334,0.3617021276595745,0.4788732394366197
 Handlers-cleaners,306,0.6,0.2857142857142857,0.3870967741935483
 Exec-managerial,779,0.7961432506887053,0.762532981530343,0.7789757412398922
 Tech-support,181,0.868421052631579,0.5238095238095238,0.6534653465346535
 Farming-fishing,210,0.7777777777777778,0.2413793103448276,0.368421052631579
 Prof-specialty,847,0.7878787878787878,0.7626666666666667,0.7750677506775068
 Sales,724,0.6793478260869565,0.6410256410256411,0.6596306068601584
 Priv-house-serv,26,1.0,1.0,1.0
 Armed-Forces,1,0.0,0.0,0.0
feature value,n_samples,precision,recall,fbeta
 Not-in-family,1648,0.8292682926829268,0.35602094240837695,0.49816849816849806
 Husband,2621,0.7234664070107109,0.6483420593368238,0.683847215830649
 Unmarried,680,0.9047619047619048,0.4634146341463415,0.6129032258064516
 Own-child,1067,1.0,0.2222222222222222,0.3636363636363636
 Other-relative,182,1.0,0.08333333333333333,0.15384615384615385
 Wife,315,0.7133333333333334,0.722972972972973,0.7181208053691276
feature value,n_samples,precision,recall,fbeta
 White,5520,0.7353689567430025,0.6210601719197708,0.6733980582524272
 Other,59,0.6666666666666666,0.4,0.5
 Black,652,0.7413793103448276,0.5,0.5972222222222222
 Asian-Pac-Islander,226,0.65,0.4727272727272727,0.5473684210526315
 Amer-Indian-Eskimo,56,0.6666666666666666,0.4,0.5
feature value,n_samples,precision,recall,fbeta
 Female,2143,0.743455497382199,0.5941422594142259,0.6604651162790698
 Male,4370,0.7307692307692307,0.6100917431192661,0.665
feature value,n_samples,precision,recall,fbeta
 United-States,5806,0.7419354838709677,0.6150598170302604,0.6725663716814159
 Puerto-Rico,23,1.0,1.0,1.0
 Columbia,16,0.0,0.0,0.0
 Germany,35,0.375,0.42857142857142855,0.39999999999999997
 Mexico,122,1.0,0.4,0.5714285714285715
 ?,129,0.6551724137931034,0.6129032258064516,0.6333333333333333
 Ecuador,4,1.0,0.5,0.6666666666666666
 Portugal,7,0.0,0.0,0.0
 El-Salvador,17,1.0,1.0,1.0
 Iran,12,0.75,0.6,0.6666666666666665
 Nicaragua,7,0.0,0.0,0.0
 Japan,12,1.0,0.4,0.5714285714285715
 Guatemala,7,0.0,0.0,0.0
 Canada,30,0.5833333333333334,0.7,0.6363636363636365
 Philippines,37,0.625,0.45454545454545453,0.5263157894736842
 Dominican-Republic,14,0.0,0.0,0.0
 Scotland,4,0.0,0.0,0.0
 Poland,20,0.0,0.0,0.0
 Trinadad&Tobago,6,0.0,0.0,0.0
 Italy,7,0.0,0.0,0.0
 Cuba,23,1.0,0.8571428571428571,0.923076923076923
 Hong,7,1.0,0.5,0.6666666666666666
 Jamaica,17,0.0,0.0,0.0
 India,20,0.4,0.2857142857142857,0.3333333333333333
 China,15,0.6666666666666666,0.6666666666666666,0.6666666666666666
 Yugoslavia,3,1.0,1.0,1.0
 Haiti,9,0.0,0.0,0.0
 Laos,6,0.0,0.0,0.0
 England,14,0.5,0.3333333333333333,0.4
 Vietnam,14,0.0,0.0,0.0
 Ireland,6,0.0,0.0,0.0
 Taiwan,8,0.6,1.0,0.7499999999999999
 Peru,9,0.0,0.0,0.0
 Cambodia,5,0.0,0.0,0.0
 France,7,0.75,1.0,0.8571428571428571
 South,14,0.6666666666666666,1.0,0.8
 Outlying-US(Guam-USVI-etc),5,0.0,0.0,0.0
 Greece,7,0.5,0.5,0.5
 Hungary,3,0.0,0.0,0.0
 Honduras,3,0.0,0.0,0.0
 Thailand,3,0.0,0.0,0.0
feature value,n_samples,precision,recall,fbeta
 Private,4433,0.7046263345195729,0.5945945945945946,0.6449511400651466
 Local-gov,454,0.7,0.6754385964912281,0.6875
 State-gov,270,0.75,0.6538461538461539,0.6986301369863015
 Federal-gov,208,0.726027397260274,0.6883116883116883,0.7066666666666667
 Self-emp-not-inc,550,0.6826923076923077,0.4930555555555556,0.5725806451612903
 Self-emp-inc,218,0.7394957983193278,0.7787610619469026,0.7586206896551726
 ?,376,0.6666666666666666,0.35555555555555557,0.46376811594202905
 Without-pay,3,0.0,0.0,0.0
 Never-worked,1,0.0,0.0,0.0
feature value,n_samples,precision,recall,fbeta
 Bachelors,1031,0.7296037296037297,0.7399527186761229,0.7347417840375586
 Assoc-voc,278,0.58,0.4084507042253521,0.47933884297520657
 Assoc-acdm,228,0.6511627906976745,0.49122807017543857,0.5599999999999999
 HS-grad,2063,0.5606694560669456,0.4024024024024024,0.4685314685314685
 11th,230,0.8333333333333334,0.3333333333333333,0.47619047619047616
 Some-college,1503,0.6807511737089202,0.48172757475083056,0.5642023346303502
 Doctorate,85,0.7887323943661971,0.875,0.8296296296296297
 Masters,322,0.7955801104972375,0.8135593220338984,0.8044692737430167
 7th-8th,148,0.75,0.42857142857142855,0.5454545454545454
 5th-6th,77,1.0,0.4,0.5714285714285715
 12th,91,1.0,0.16666666666666666,0.2857142857142857
 9th,107,1.0,0.2,0.33333333333333337
 10th,188,0.5,0.1111111111111111,0.1818181818181818
 Prof-school,121,0.8888888888888888,0.9361702127659575,0.9119170984455959
 Preschool,10,0.0,0.0,0.0
 1st-4th,31,0.0,0.0,0.0
feature value,n_samples,precision,recall,fbeta
 Married-civ-spouse,3007,0.6991150442477876,0.6548605877920121,0.6762645914396886
 Separated,197,0.8333333333333334,0.3333333333333333,0.47619047619047616
 Never-married,2091,0.8695652173913043,0.3883495145631068,0.5369127516778524
 Divorced,921,0.7567567567567568,0.29473684210526313,0.4242424242424242
 Widowed,211,1.0,0.2631578947368421,0.4166666666666667
 Married-spouse-absent,80,0.75,0.375,0.5
 Married-AF-spouse,6,0.0,0.0,0.0
feature value,n_samples,precision,recall,fbeta
 Sales,714,0.6566265060240963,0.5828877005347594,0.6175637393767706
 Craft-repair,824,0.5303030303030303,0.41420118343195267,0.46511627906976744
 Exec-managerial,800,0.781578947368421,0.7857142857142857,0.7836411609498681
 Farming-fishing,213,0.8181818181818182,0.36,0.5
 Adm-clerical,738,0.5760869565217391,0.4649122807017544,0.5145631067961165
 Transport-moving,333,0.5294117647058824,0.2647058823529412,0.35294117647058826
 Prof-specialty,808,0.7918918918918919,0.7670157068062827,0.7792553191489362
 Priv-house-serv,28,1.0,1.0,1.0
 Handlers-cleaners,269,0.8333333333333334,0.22727272727272727,0.35714285714285715
 Other-service,697,0.7272727272727273,0.2222222222222222,0.3404255319148936
 Protective-serv,149,0.5945945945945946,0.5238095238095238,0.5569620253164557
 ?,377,0.6666666666666666,0.35555555555555557,0.46376811594202905
 Machine-op-inspct,366,0.5384615384615384,0.2916666666666667,0.3783783783783784
 Tech-support,191,0.6862745098039216,0.660377358490566,0.6730769230769231
 Armed-Forces,6,0.0,0.0,0.0
feature value,n_samples,precision,recall,fbeta
 Husband,2651,0.6972972972972973,0.6626712328767124,0.6795434591747146
 Not-in-family,1608,0.8266666666666667,0.36257309941520466,0.5040650406504065
 Own-child,1028,1.0,0.25,0.4
 Wife,312,0.7076923076923077,0.6133333333333333,0.657142857142857
 Other-relative,199,1.0,0.1,0.18181818181818182
 Unmarried,715,0.8,0.3137254901960784,0.45070422535211263
feature value,n_samples,precision,recall,fbeta
 White,5568,0.7023026315789473,0.6078291814946619,0.6516596718809614
 Black,590,0.875,0.5697674418604651,0.6901408450704225
 Asian-Pac-Islander,224,0.6896551724137931,0.5970149253731343,0.64
 Other,54,0.6666666666666666,0.6666666666666666,0.6666666666666666
 Amer-Indian-Eskimo,77,0.625,0.5555555555555556,0.5882352941176471
feature value,n_samples,precision,recall,fbeta
 Male,4393,0.7047781569965871,0.6229260935143288,0.6613290632506006
 Female,2120,0.7337278106508875,0.5081967213114754,0.6004842615012106
feature value,n_samples,precision,recall,fbeta
 United-States,5806,0.7057356608478803,0.6021276595744681,0.6498277841561424
 Philippines,40,0.6666666666666666,0.6666666666666666,0.6666666666666666
 England,22,0.6666666666666666,0.5,0.5714285714285715
 Puerto-Rico,21,1.0,1.0,1.0
 Jamaica,15,0.6666666666666666,1.0,0.8
 Mexico,129,0.75,0.2727272727272727,0.39999999999999997
 Canada,31,0.625,0.8333333333333334,0.7142857142857143
 ?,132,0.7878787878787878,0.7878787878787878,0.7878787878787878
 Japan,15,0.8333333333333334,0.7142857142857143,0.7692307692307692
 India,26,0.6,0.6923076923076923,0.6428571428571429
 Italy,13,1.0,0.4,0.5714285714285715
 Cambodia,6,0.5,0.5,0.5
 South,15,0.3333333333333333,1.0,0.5
 Cuba,17,1.0,0.5,0.6666666666666666
 Germany,23,0.8,0.4444444444444444,0.5714285714285714
 Vietnam,17,0.0,0.0,0.0
 Guatemala,9,0.0,0.0,0.0
 Taiwan,18,1.0,0.75,0.8571428571428571
 Portugal,4,0.0,0.0,0.0
 Yugoslavia,8,0.5,0.5,0.5
 Haiti,9,0.0,0.0,0.0
 France,8,0.6666666666666666,0.5,0.5714285714285715
 El-Salvador,17,1.0,1.0,1.0
 Nicaragua,8,1.0,0.5,0.6666666666666666
 Laos,5,1.0,1.0,1.0
 China,10,0.0,0.0,0.0
 Iran,11,0.6666666666666666,0.6666666666666666,0.6666666666666666
 Columbia,9,1.0,1.0,1.0
 Hungary,4,0.5,1.0,0.6666666666666666
 Ireland,6,0.0,0.0,0.0
 Dominican-Republic,16,0.0,0.0,0.0
 Scotland,1,0.0,0.0,0.0
 Ecuador,6,1.0,1.0,1.0
 Outlying-US(Guam-USVI-etc),4,0.0,0.0,0.0
 Hong,3,1.0,1.0,1.0
 Greece,7,0.6666666666666666,1.0,0.8
 Honduras,7,1.0,1.0,1.0
 Thailand,3,0.0,0.0,0.0
 Poland,9,1.0,0.75,0.8571428571428571
 Trinadad&Tobago,2,0.0,0.0,0.0
 Peru,1,0.0,0.0,0.0
feature value,n_samples,precision,recall,fbeta
 Private,4600,0.7200504413619168,0.5935550935550935,0.6507122507122508
 Self-emp-not-inc,507,0.6610169491525424,0.5693430656934306,0.6117647058823529
 State-gov,243,0.7575757575757576,0.704225352112676,0.7299270072992701
 Self-emp-inc,203,0.7297297297297297,0.7641509433962265,0.7465437788018433
 ?,345,0.7619047619047619,0.41025641025641024,0.5333333333333333
 Local-gov,413,0.6764705882352942,0.6509433962264151,0.6634615384615384
 Federal-gov,196,0.7727272727272727,0.6986301369863014,0.7338129496402879
 Without-pay,4,0.0,0.0,0.0
 Never-worked,2,0.0,0.0,0.0
feature value,n_samples,precision,recall,fbeta
 Assoc-voc,288,0.5952380952380952,0.390625,0.4716981132075472
 HS-grad,2123,0.5753424657534246,0.39009287925696595,0.4649446494464945
 Prof-school,105,0.9113924050632911,0.9113924050632911,0.9113924050632911
 Bachelors,1026,0.7129411764705882,0.7593984962406015,0.7354368932038835
 Doctorate,97,0.7901234567901234,0.9411764705882353,0.8590604026845637
 Some-college,1454,0.7134831460674157,0.48659003831417624,0.5785876993166287
 Assoc-acdm,203,0.66,0.55,0.6000000000000001
 7th-8th,126,0.0,0.0,0.0
 Masters,347,0.8172043010752689,0.8,0.8085106382978724
 10th,181,1.0,0.2,0.33333333333333337
 11th,238,1.0,0.3076923076923077,0.47058823529411764
 5th-6th,71,1.0,0.3333333333333333,0.5
 12th,97,0.8333333333333334,0.625,0.7142857142857143
 9th,107,1.0,0.2857142857142857,0.4444444444444445
 1st-4th,36,0.0,0.0,0.0
 Preschool,14,0.0,0.0,0.0
feature value,n_samples,precision,recall,fbeta
 Never-married,2159,0.6727272727272727,0.44047619047619047,0.5323741007194245
 Separated,195,1.0,0.45454545454545453,0.625
 Married-civ-spouse,2894,0.7131849315068494,0.6543597800471328,0.6825071691929538
 Divorced,951,0.8205128205128205,0.3404255319148936,0.48120300751879697
 Widowed,217,0.8333333333333334,0.22727272727272727,0.35714285714285715
 Married-spouse-absent,92,1.0,0.42857142857142855,0.6
 Married-AF-spouse,5,1.0,0.3333333333333333,0.5
feature value,n_samples,precision,recall,fbeta
 Exec-managerial,786,0.7717391304347826,0.7717391304347826,0.7717391304347826
 Adm-clerical,768,0.578125,0.3978494623655914,0.47133757961783435
 Prof-specialty,823,0.760989010989011,0.7737430167597765,0.7673130193905816
 Farming-fishing,201,0.6923076923076923,0.3103448275862069,0.4285714285714286
 Tech-support,186,0.7272727272727273,0.6666666666666666,0.6956521739130435
 Handlers-cleaners,280,0.8571428571428571,0.5454545454545454,0.6666666666666665
 Other-service,666,0.7777777777777778,0.2413793103448276,0.368421052631579
 Craft-repair,845,0.6165413533834586,0.4385026737967914,0.5124999999999998
 Sales,749,0.6529411764705882,0.6032608695652174,0.6271186440677966
 Machine-op-inspct,402,0.5714285714285714,0.37209302325581395,0.45070422535211263
 Transport-moving,321,0.7272727272727273,0.3380281690140845,0.4615384615384615
 ?,347,0.7619047619047619,0.41025641025641024,0.5333333333333333
 Protective-serv,108,0.6363636363636364,0.42424242424242425,0.5090909090909091
 Priv-house-serv,29,0.0,0.0,0.0
 Armed-Forces,2,1.0,1.0,1.0
feature value,n_samples,precision,recall,fbeta
 Not-in-family,1705,0.7441860465116279,0.3950617283950617,0.5161290322580645
 Husband,2524,0.7166344294003868,0.6592526690391459,0.6867469879518073
 Own-child,1018,0.6,0.25,0.35294117647058826
 Wife,317,0.6870229007633588,0.6293706293706294,0.656934306569343
 Unmarried,737,0.9411764705882353,0.34782608695652173,0.5079365079365079
 Other-relative,212,0.5,0.2857142857142857,0.36363636363636365
feature value,n_samples,precision,recall,fbeta
 Black,612,0.7708333333333334,0.4567901234567901,0.5736434108527132
 White,5557,0.7185374149659864,0.6259259259259259,0.6690419635787808
 Asian-Pac-Islander,220,0.6666666666666666,0.5818181818181818,0.6213592233009707
 Other,63,0.0,0.0,0.0
 Amer-Indian-Eskimo,61,0.5,0.3333333333333333,0.4
feature value,n_samples,precision,recall,fbeta
 Female,2213,0.7023809523809523,0.5267857142857143,0.6020408163265306
 Male,4300,0.7195671776375113,0.6283464566929133,0.6708701134930642
feature value,n_samples,precision,recall,fbeta
 United-States,5822,0.7196581196581197,0.6191176470588236,0.6656126482213438
 Puerto-Rico,23,0.5,1.0,0.6666666666666666
 ?,121,0.7619047619047619,0.5714285714285714,0.6530612244897959
 El-Salvador,22,1.0,0.6666666666666666,0.8
 Taiwan,11,0.6666666666666666,0.8,0.7272727272727272
 Poland,14,1.0,1.0,1.0
 Philippines,41,0.5555555555555556,0.45454545454545453,0.5
 Mexico,133,0.5,0.5,0.5
 India,26,0.6666666666666666,0.6153846153846154,0.64
 Yugoslavia,5,0.5,1.0,0.6666666666666666
 Vietnam,17,1.0,0.5,0.6666666666666666
 Canada,28,0.625,0.5,0.5555555555555556
 Iran,12,0.6666666666666666,0.8,0.7272727272727272
 Cuba,22,0.8,0.4444444444444444,0.5714285714285714
 France,7,0.75,1.0,0.8571428571428571
 Japan,9,0.6666666666666666,0.6666666666666666,0.6666666666666666
 South,12,0.3333333333333333,0.5,0.4
 China,17,0.75,1.0,0.8571428571428571
 Dominican-Republic,12,0.0,0.0,0.0
 Italy,13,1.0,0.25,0.4
 Cambodia,7,0.0,0.0,0.0
 Nicaragua,6,1.0,1.0,1.0
 Greece,5,0.0,0.0,0.0
 Haiti,5,0.0,0.0,0.0
 Ireland,1,0.0,0.0,0.0
 Ecuador,4,0.0,0.0,0.0
 Scotland,5,0.0,0.0,0.0
 Thailand,4,1.0,1.0,1.0
 Germany,32,0.6666666666666666,0.2222222222222222,0.3333333333333333
 Peru,6,0.0,0.0,0.0
 England,17,0.8333333333333334,0.8333333333333334,0.8333333333333334
 Guatemala,11,0.0,0.0,0.0
 Portugal,4,0.0,0.0,0.0
 Jamaica,18,0.0,0.0,0.0
 Columbia,15,1.0,1.0,1.0
 Laos,2,0.0,0.0,0.0
 Trinadad&Tobago,2,0.0,0.0,0.0
 Hungary,1,0.0,0.0,0.0
 Hong,1,1.0,1.0,1.0
